303	174
446	145
413	429
302	101
343	124
304	155
88	199
437	88
148	362
384	358
369	341
176	274
272	109
237	559
276	211
513	325
111	349
214	462
269	96
317	293
213	389
134	309
171	381
524	334
323	430
203	290
191	363
284	156
171	113
347	336
295	318
202	479
133	512
304	26
281	150
329	212
468	411
313	328
315	579
337	106
139	225
231	340
488	341
390	271
361	545
302	446
228	272
370	388
309	36
60	271
290	516
302	353
362	286
174	228
261	22
269	281
204	359
317	378
432	160
191	402
248	80
302	349
292	273
290	163
271	283
298	187
116	390
300	266
262	232
291	133
323	304
223	98
329	255
419	486
310	227
252	40
279	41
303	474
264	113
281	133
358	324
269	134
302	474
274	499
127	264
286	262
487	426
358	490
266	287
362	324
277	333
272	174
378	520
189	474
160	238
214	34
79	248
541	309
300	49
117	435
292	130
290	14
304	545
234	480
455	388
287	546
321	339
397	189
295	592
275	364
374	428
316	437
203	216
286	286
219	259
225	200
462	496
296	507
310	405
367	371
288	209
372	319
336	550
298	41
226	208
295	563
417	316
365	339
461	183
333	233
488	282
157	377
175	353
348	566
315	152
231	235
479	267
270	309
422	299
270	568
256	125
310	38
279	100
459	176
105	269
290	552
242	193
263	426
338	416
389	379
144	453
286	274
184	296
323	308
431	378
121	176
130	201
139	231
199	350
272	417
384	307
262	511
291	447
296	302
278	140
333	463
316	389
53	278
398	369
380	288
90	249
499	432
276	223
179	122
324	502
453	268
386	167
231	491
283	341
121	298
413	246
252	336
324	194
408	472
172	175
326	274
329	106
331	137
143	310
358	578
334	327
412	195
242	344
156	422
317	485
346	367
199	512
301	504
360	122
53	442
332	311
274	45
284	338
156	288
389	91
269	398
258	315
315	109
365	420
397	306
298	298
363	347
290	282
306	579
457	309
284	68
330	408
149	90
314	355
278	528
213	524
269	473
349	297
252	462
294	563
182	350
405	60
231	125
65	225
178	286
307	265
351	145
64	311
381	488
235	328
346	486
426	448
509	206
240	395
312	314
300	179
280	86
134	326
320	8
99	238
379	78
229	315
438	373
458	177
260	104
418	205
322	73
122	183
268	59
380	157
406	507
388	173
287	434
314	52
205	130
311	53
395	520
231	311
223	324
139	367
410	407
261	433
383	300
299	126
139	521
297	470
182	252
508	302
359	230
250	543
246	318
481	262
187	144
298	300
197	193
300	532
451	520
388	360
283	540
222	474
500	443
471	370
246	433
388	190
179	394
296	189
288	6
432	430
311	153
298	67
316	272
284	526
536	273
306	66
341	168
280	486
419	172
433	379
284	105
305	318
301	222
61	290
419	234
79	330
438	254
295	181
274	340
300	593
398	424
341	212
565	280
254	397
313	449
365	397
289	132
529	326
298	52
425	320
355	356
412	248
456	79
298	327
520	260
379	199
292	158
543	145
406	234
230	105
455	264
324	86
346	381
286	497
363	542
410	89
292	138
35	331
421	266
288	162
214	396
443	444
297	266
300	131
280	462
378	268
146	380
239	189
210	248
335	223
314	475
284	375
351	58
363	246
283	443
244	378
296	72
174	93
464	293
303	115
238	373
347	446
491	303
257	204
216	290
311	431
428	432
358	89
227	189
379	379
425	89
289	594
449	188
301	257
403	124
284	154
302	591
297	237
445	457
295	286
363	398
190	203
318	458
125	398
458	74
287	411
252	316
326	145
136	483
268	407
311	83
354	409
356	365
296	79
304	471
255	418
290	193
80	439
145	401
490	473
283	269
349	527
300	590
297	508
313	50
348	236
362	351
293	408
360	431
386	308
305	331
267	315
468	285
301	121
291	393
440	300
399	215
339	452
305	423
99	235
441	349
192	299
80	246
231	332
489	296
211	261
335	260
292	466
300	105
364	373
294	280
187	405
253	104
242	102
329	241
534	321
143	170
285	36
326	414
286	588
375	368
246	310
255	260
300	206
226	197
300	333
228	99
287	465
310	222
300	138
336	246
309	154
338	69
258	174
317	440
469	296
392	455
468	256
131	88
261	408
36	322
282	197
281	214
270	455
300	162
316	449
208	89
161	193
315	220
299	222
160	330
389	199
423	432
266	328
305	184
173	421
327	307
353	256
388	525
383	196
132	185
180	152
408	300
239	268
304	438
280	431
323	167
282	388
285	70
193	134
103	435
369	459
245	97
388	569
423	559
280	300
207	311
351	138
358	150
217	259
227	375
175	402
142	248
355	190
302	283
421	335
273	242
334	210
419	162
223	404
494	400
314	437
307	210
312	420
385	266
301	329
371	236
290	471
117	357
325	368
205	544
459	340
310	482
329	265
513	425
294	263
378	305
206	248
491	350
138	249
312	186
171	159
285	463
301	290
324	164
340	276
123	435
274	491
346	380
301	205
291	199
382	171
259	462
299	128
387	329
361	148
304	83
480	196
257	62
289	285
372	559
217	410
294	216
312	288
463	234
41	287
467	283
328	472
349	123
257	37
255	498
328	42
440	382
238	216
86	387
174	419
261	111
192	246
255	77
101	359
158	450
589	317
304	47
290	262
316	30
358	346
393	320
255	122
164	160
274	123
208	86
118	478
301	471
400	226
247	237
258	158
368	378
346	521
380	300
249	79
272	493
454	356
386	450
254	217
273	435
341	402
383	93
388	344
302	296
296	467
267	460
112	120
106	106
559	314
101	133
305	516
114	327
472	255
276	213
376	209
91	440
320	144
322	88
314	219
161	451
275	595
321	302
131	249
445	393
359	137
325	10
264	353
299	48
424	297
298	246
318	541
274	442
303	456
192	183
278	565
187	157
339	136
273	474
354	315
366	213
241	87
372	243
246	294
401	192
199	53
212	343
319	537
290	419
329	260
305	250
447	96
64	457
157	277
203	314
41	434
229	496
285	33
300	574
299	419
332	371
495	385
328	304
251	259
428	175
213	413
89	246
252	431
364	314
431	400
273	273
56	354
228	80
291	355
229	238
68	327
340	341
419	540
335	100
298	26
182	464
311	545
327	460
293	413
454	184
462	257
458	483
334	305
447	235
414	218
167	271
336	475
301	140
211	111
318	256
188	490
301	580
297	137
284	407
387	76
300	168
320	415
193	419
249	471
98	439
320	252
542	341
248	402
324	439
290	547
285	293
447	536
289	169
190	379
149	242
365	523
283	475
251	417
175	65
283	244
350	207
174	231
252	169
301	122
350	173
199	432
129	310
347	274
358	421
354	576
452	227
346	359
248	278
222	317
207	375
245	454
337	16
300	470
356	444
390	374
256	194
125	390
292	162
22	294
307	280
22	281
351	231
486	361
427	155
284	273
286	317
361	194
225	325
69	311
212	369
237	508
180	261
242	411
436	147
23	205
186	340
361	305
251	350
242	447
342	258
199	162
393	425
427	413
339	508
323	539
486	97
212	329
435	248
308	468
301	540
424	144
478	248
307	210
302	83
155	141
295	229
271	226
247	141
413	222
265	519
404	297
284	514
387	36
417	369
139	324
109	215
304	237
158	386
357	179
191	276
270	264
274	73
277	522
352	320
360	361
125	445
372	41
162	117
177	153
155	354
138	416
191	160
358	172
284	488
341	525
516	280
128	295
302	274
240	214
296	96
371	97
291	384
285	522
338	282
306	494
484	241
300	580
459	347
152	98
48	233
251	353
260	188
295	348
308	25
288	47
431	459
327	135
259	315
79	277
290	405
298	387
330	500
87	431
358	336
322	314
378	96
277	499
277	91
145	251
235	253
378	355
315	129
289	421
510	464
179	542
245	310
395	376
300	55
278	313
310	88
271	26
210	429
308	184
319	550
278	246
380	195
303	456
397	484
541	384
292	376
150	183
88	334
212	337
310	109
179	161
246	401
169	259
144	285
300	153
497	140
154	373
171	124
255	417
331	200
222	62
301	180
300	318
350	58
297	274
272	365
322	130
140	449
163	294
253	320
310	103
187	232
363	213
309	176
92	230
298	226
473	130
272	514
329	502
197	151
144	305
406	383
232	212
266	304
237	495
517	181
162	280
314	491
325	284
318	374
449	188
537	202
419	494
302	513
203	110
315	439
127	275
330	539
300	499
227	118
191	310
370	463
300	394
142	347
131	351
365	172
135	348
376	399
231	301
259	525
387	447
375	437
290	265
413	430
439	408
311	314
73	314
374	296
355	122
248	191
348	275
129	314
166	269
361	235
381	413
149	227
99	310
289	527
411	374
357	104
323	133
226	153
232	352
317	336
359	347
256	500
31	297
392	358
193	566
388	231
325	310
505	420
385	84
63	276
394	399
295	435
337	270
251	366
88	288
336	296
338	537
362	353
186	138
256	251
294	87
534	268
317	495
300	412
417	137
285	283
372	454
309	276
450	512
321	283
307	186
330	143
345	318
350	244
204	376
254	124
291	361
302	392
328	283
317	481
421	347
301	166
326	591
177	476
352	516
332	54
240	154
449	307
208	466
354	333