317	214
291	175
300	360
517	428
303	265
310	16
370	321
315	339
149	362
339	67
268	363
349	28
352	360
412	479
261	400
242	342
443	329
421	261
353	303
333	538
357	445
320	115
302	574
269	341
229	313
298	363
55	347
252	304
408	330
331	105
288	294
390	463
52	280
317	84
198	482
484	382
161	274
300	209
300	119
235	240
516	267
301	241
424	186
300	243
199	400
437	354
300	461
417	346
302	583
254	345
270	300
321	327
305	509
257	43
291	10
256	148
204	539
346	424
297	270
224	515
322	460
364	554
331	61
454	380
225	507
263	318
321	175
286	440
529	297
273	305
480	294
430	331
313	159
252	468
354	404
169	288
309	550
98	275
313	528
378	262
225	341
232	496
271	417
296	170
305	92
225	387
458	350
313	101
284	479
422	486
231	278
329	377
282	318
461	424
148	213
341	56
323	259
290	503
279	49
314	204
388	77
287	292
351	515
292	100
168	336
90	216
329	444
287	428
290	42
206	502
308	343
198	420
173	210
238	582
300	21
292	580
357	123
311	93
331	127
393	103
297	336
356	194
343	195
271	246
302	332
430	86
316	137
282	471
310	472
127	206
351	82
309	102
189	297
421	436
331	270
280	313
338	408
198	284
251	421
59	333
204	181
269	246
301	211
311	282
214	324
364	362
280	359
275	148
376	299
253	81
216	458
419	434
276	71
340	257
274	404
360	383
237	270
295	288
219	179
315	153
479	395
382	360
250	185
307	37
338	114
345	295
302	246
312	361
575	309
337	68
494	264
278	65
377	290
407	502
250	509
306	400
157	378
322	430
248	336
415	292
396	209
341	128
371	473
382	393
318	398
302	50
500	304
299	405
300	150
289	113
271	381
313	48
356	71
486	396
335	13
276	444
118	262
244	180
347	207
82	432
304	340
91	265
307	336
312	404
130	373
187	404
441	336
242	102
353	103
349	61
360	196
369	196
300	16
357	146
532	159
79	374
215	558
292	414
325	27
334	370
244	134
353	201
297	252
255	312
307	150
237	251
100	201
315	248
110	304
443	406
296	577
334	171
347	246
237	103
507	275
190	375
302	524
249	352
310	156
300	300
260	180
455	209
352	411
231	71
333	147
211	340
295	369
260	21
228	275
254	380
344	316
293	190
320	233
292	480
232	194
274	52
181	128
514	357
255	463
307	298
246	190
54	271
357	340
126	172
312	196
153	285
263	189
275	64
128	114
91	159
261	267
235	411
117	283
96	195
428	455
366	378
193	360
309	136
247	331
327	161
342	438
298	231
277	284
390	312
380	479
113	233
265	523
449	153
304	329
373	545
533	306
454	214
289	190
370	567
312	385
206	172
227	334
295	313
286	18
183	191
443	350
152	286
293	250
280	95
233	35
304	268
288	104
199	310
386	485
307	186
179	458
239	23
409	512
197	247
259	131
520	356
203	79
454	293
228	255
361	252
356	124
391	318
295	150
261	441
300	458
372	269
412	348
287	204
281	94
249	192
408	473
275	457
326	452
281	257
296	540
273	242
251	349
141	154
466	66
324	121
303	283
121	334
341	351
296	161
268	543
120	260
461	256
326	488
235	53
279	113
344	176
279	387
439	364
446	449
244	144
273	250
329	544
321	31
381	264
304	342
317	498
221	149
220	381
266	64
187	241
148	241
234	69
305	132
267	474
240	377
527	380
302	285
256	98
255	318
249	486
272	315
222	333
474	371
81	457
211	492
264	490
280	524
177	150
255	173
299	365
303	453
301	502
269	259
138	305
459	184
275	506
237	362
361	451
124	468
296	196
300	359
172	390
237	17
288	65
389	546
374	306
432	149
408	310
297	338
286	91
497	286
389	220
195	117
249	93
120	343
369	310
375	436
220	373
313	96
454	226
202	48
254	268
179	524
310	173
280	124
250	219
350	124
327	18
293	429
347	35
469	508
332	18
175	106
309	592
352	158
209	193
396	96
133	145
277	344
304	184
305	449
276	273
297	232
300	533
331	45
314	216
252	349
88	177
337	270
223	262
284	343
266	372
342	345
387	200
323	552
240	299
196	155
288	14
331	218
257	466
64	375
273	328
250	412
289	195
442	170
300	60
327	137
337	151
518	334
257	376
73	204
213	351
151	231
277	394
313	130
218	116
435	498
312	283
190	242
311	361
512	125
313	250
364	133
308	551
310	575
272	549
351	36
298	415
275	397
449	365
266	343
298	380
189	272
314	228
295	457
225	16
312	559
508	102
231	478
286	251
220	395
40	266
357	343
453	116
197	221
300	395
265	53
528	408
34	221
215	360
452	165
281	299
248	433
355	306
327	120
300	191
405	92
284	553
354	178
93	308
182	158
204	383
447	455
431	479
239	460
476	186
174	472
486	465
291	520
300	294
289	168
130	254
300	111
371	105
252	194
203	333
439	218
418	412
351	324
299	596
401	503
300	250
298	334
329	150
354	375
293	321
241	90
295	506
344	36
261	367
300	558
357	566
141	287
398	447
396	380
374	377
251	397
361	309
307	235
287	48
287	308
281	255
138	392
180	167
155	193
269	329
300	455
212	515
258	271
456	346
320	52
345	293
211	520
489	351
256	566
242	378
81	221
363	547
331	13
166	265
316	384
446	346
325	140
436	469
252	383
335	336
195	196
342	248
290	69
154	257
341	523
202	78
409	400
137	316
279	582
13	295
308	364
394	432
411	92
232	469
408	291
403	330
475	393
131	335
461	323
300	169
386	297
287	55
89	343
215	239
298	307
274	399
296	387
278	196
392	299
194	147
215	71
318	134
282	179
154	397
423	266
392	224
279	113
352	179
342	547
314	580
307	252
275	241
199	134
46	397
133	94
299	485
31	318
271	115
278	231
308	278
400	346
293	526
234	153
251	212
227	351
96	278
291	402
309	110
238	308
260	588
378	500
153	119
325	176
265	308
311	374
305	589
284	55
266	226
300	352
319	519
319	276
432	460
136	467
355	171
482	506
261	409
317	168
435	180
431	225
341	496
139	178
354	423
272	594
249	393
215	534
312	504
358	106
199	484
184	411
300	290
328	202
266	405
353	324
303	201
303	87
179	248
289	467
300	201
385	417
291	446
130	412
334	575
48	257
395	265
133	308
185	138
211	158
547	308
297	312
384	544
550	183
328	323
250	334
302	282
303	281
297	199
323	54
298	131
328	463
285	169
138	433
133	422
331	9
434	293
392	310
170	312
303	251
136	280
278	473
251	321
268	205
120	127
265	300
409	344
300	296
260	364
275	253
396	307
287	432
412	336
294	96
419	301
323	105
171	518
298	62
291	92
305	40
228	316
360	300
151	491
472	331
490	493
366	423
307	563
407	260
482	365
342	253
388	374
392	260
313	201
309	417
343	300
252	58
349	300
290	235
296	523
279	191
507	182
347	339
335	316
295	436
139	309
105	296
286	389
272	289
205	177
417	394
309	457
413	398
261	364
248	199
362	386
524	297
32	300
262	573
275	292
311	67
318	393
199	384
432	446
393	392
49	277
329	562
512	359
375	194
261	123
282	485
292	338
62	200
193	329
300	509
237	565
430	248
284	196
330	332
139	208
153	117
541	269
294	136
99	234
304	40
259	405
247	308
291	566
205	251
538	258
271	292
415	435
302	184
425	397
485	177
287	107
189	407
218	237
310	51
371	470
302	469
289	457
270	457
152	251
483	450
266	475
313	340
364	37
323	208
322	171
360	456
346	120
236	45
194	263
244	359
271	413
316	62
476	364
297	287
217	267
236	436
102	355
411	277
308	344
277	210
347	456
263	408
302	181
308	539
374	176
405	459
239	405
245	430
402	226
177	338
324	414
307	181
315	519
338	545
209	116
357	218
198	544
308	196
387	167
189	110
303	177
378	257
14	332
215	409
479	382
126	190
306	304
81	271
307	452
251	181
268	97
393	309
285	358
416	497
415	225
332	549
275	199
215	268
245	168
395	399
341	43
75	254
288	259
540	366
328	468
258	180
280	319
300	161
284	503
355	239
301	15
233	406
192	524
251	153
286	584
318	268
145	376
86	352
143	156
154	124
230	561
217	489
377	407
201	365
303	471
169	460
196	210
345	166
288	236
245	378
362	163
325	295
61	376
421	128
300	448
290	118
280	170
272	442
374	530
411	483
260	48
308	362
236	159
225	170
90	327
356	96
265	72
302	320
315	352
167	234
328	307
585	340
365	108
387	176
446	89
230	479
369	271
491	315
229	217
451	327
333	274
359	448
311	418
196	305
350	218
220	401
314	401
279	328
363	365
304	348
509	397
380	372
311	245
267	396
80	407
302	274
291	395
370	23
297	533
190	545
438	143
231	205
170	105
320	14
397	324
256	539
320	138
350	262
234	399
300	512
436	359
17	277
341	416
276	154
310	115
313	227
294	498
292	514
326	449
186	429
178	443
284	106
144	90
305	28
494	281
410	542
284	340
39	289
307	149
371	498
361	215
297	461
171	280
534	321
270	298
343	230
329	532
135	402
212	127
303	304
495	217
203	377
160	280
193	266
389	356
338	382
234	391
197	136
218	495
318	266
403	570
323	245
267	526
298	287
383	539
286	273
352	364
266	158
437	314
158	230
433	291
433	138
380	299
532	305
208	421
299	11
308	593
280	220
224	437
478	349
408	485
441	312
238	271
236	314
220	197
511	336
303	371
427	241
204	291
265	207
283	63
317	413
300	191
210	115
316	531
356	339
301	216
368	566
206	318
300	203
330	307
303	357
401	357
441	390
396	312
523	183
298	330
271	65
367	276
303	223
332	162
190	537
71	269
207	343
323	277
242	329
279	258
203	143
338	279
279	285
226	119
154	336
291	203
290	528
108	477
327	455
296	123
63	405
343	545
287	300
293	520
159	261
410	228
379	300
291	188
182	464
563	172
272	381
236	385
26	307
370	248
311	510
362	475
443	102
173	246
383	359
125	130
285	452
272	243
333	426
211	159
367	424
156	102
303	165
238	105
161	226
391	330
239	356
275	360
274	288
321	100
67	308
333	251
291	485
303	320
337	487
346	255
338	513
326	580
273	176
326	19
300	20
268	217
14	293
238	300
457	313
260	157
257	201
258	400
65	213
284	449
230	504
454	278
247	327
250	328
251	480
416	394
244	463
426	443
317	244
227	416
310	119
263	294
144	341
205	401
287	273
212	313
241	434
423	372
301	185
284	461
480	391
278	220
257	492
86	247
165	162
366	376
300	55
133	259
266	365
432	224
68	288
253	360
225	547
129	237
473	350
301	431
312	54
297	463
390	524
168	363
368	395
334	335
278	201
283	244
183	433
180	300
300	390
319	88
123	180
352	140
205	298
282	396
311	77
306	159
425	102
246	136
557	316
268	85
326	416
299	55
260	544
308	263
199	362
304	413
512	294
321	254
312	590
311	544
293	87
277	273
261	361
300	461
361	511
343	224
310	543
463	329
250	585
371	221
224	147
333	69
412	195
271	109
210	471
343	310
336	424
289	388
267	545
339	187
386	145
303	526
305	521
466	315
344	266
325	95
163	343
380	44
537	370
189	251
146	242
212	260
270	145
411	243
420	170
399	133
203	412
233	231
268	140
343	455
321	57
275	540
410	409
292	507
291	347
474	470
427	508
497	298
124	115
375	363
331	413
300	307
301	39
21	298
300	288
273	319
326	278
298	456
515	336
411	403
347	333
298	300
223	99
109	291
165	392
191	251
256	571
280	83
256	310
196	198
282	406
297	372
285	558
380	178
243	159
303	131
142	365
220	365
299	557
346	259
438	63
178	121
401	119
500	325
68	459
337	222
91	200
523	300
436	419
251	538
434	554
327	386
285	298
297	63
311	160
414	434
319	112
313	66
333	59
380	159
167	303
386	251
358	523
373	159
314	46
301	8
505	211
331	103
262	320
306	460
317	475
301	441
267	352
70	282
149	223
300	486
309	119
288	406
275	281
65	362
290	563
316	264
481	298
293	335
379	122
109	476
301	208
269	182
345	9
409	172
320	121
107	326
186	377
285	424
284	152
293	267
293	418
136	363
269	334
323	348
280	457
343	107
111	233
302	550
385	295
353	307
431	348
307	79
116	315
270	365
300	175
298	429
473	248
205	480
248	161
299	390
341	256
158	94
138	252
314	115
58	445
229	324
137	485
250	371
122	252
360	297
364	278
498	154
313	71
422	167
230	198
150	70
344	129
362	426
236	573
298	434
387	325
301	577
296	433
234	173
568	318
387	380
497	196
389	403
358	482
286	191
293	274
187	222
265	589
251	389
301	418
181	284
262	319
249	575
203	236
322	483
57	435
308	383
234	346
429	427
275	432
199	178
71	326
522	386
293	193
315	436
93	431
227	430
300	444
52	188
354	181
281	557
393	232
253	247
74	253
79	464
257	268
300	2
300	161
425	205
395	235
308	195
412	398
97	243
322	202
203	219
237	264
340	98
273	111
530	242
295	312
188	368
280	477
128	360
284	100
227	184
245	291
259	255
296	562
436	294
187	286
254	246
297	191
525	259
137	121
301	232
293	294
194	435
229	296
271	320
334	251
306	391
66	268
177	294
220	254
262	87
226	155
303	457
408	349
475	172
188	444
166	317
193	261
174	160
493	251
352	284
302	278
288	268
105	518
346	300
289	291
73	374
239	27
30	341
288	218
265	246
442	148
545	149
474	455
310	145
442	86
330	327
243	158
317	525
305	272
341	115
437	301
295	295
288	187
226	263
134	225
281	398
196	470
203	498
310	387
528	124
506	260
115	154
298	330
276	263
180	462
129	193
298	128
109	308
314	479
411	378
177	292
262	222
263	35
261	191
264	357
235	487
326	380
299	365
253	213
341	397
135	256
171	237
195	247
308	359
317	582
254	261
296	16
253	497
303	112
116	502
247	150
202	82
313	528
275	57
314	93
247	89
300	437
326	293
254	189
271	104
237	192
59	354
396	438
375	469
400	69
274	279
249	355
295	278
564	231
308	264
265	88
208	206
196	373
297	449
301	503
359	306
362	98
305	506
240	493
322	430
84	244
312	130
466	195
104	193
288	198
255	540
374	460
264	526
386	183
381	98
341	376
175	410
363	190
197	395
327	377
262	85
461	281
249	24
432	185
352	442
312	246
291	372
434	210
63	233
308	38
322	243
296	583
256	586
482	386
298	318
238	260
156	221
294	80
133	281
277	313
331	452
289	408
290	113
251	371
228	116
445	327
376	41
64	384
184	533
313	213
152	454
397	381
182	399
219	526
214	489
283	521
164	236
313	248
322	44
406	475
247	295
326	62
374	166
227	249
364	573
318	501
300	177
109	463
263	342
305	24
320	202
60	403
301	290
233	303
303	484
272	144
434	301
533	245
246	431
302	467
292	223
291	597
284	197
308	320
221	102
300	373
277	306
273	415
303	301
336	328
345	445
246	371
417	127
240	498
350	571
526	329
193	206
385	488
289	468
57	289
384	243
277	127
326	388
277	585
414	168
254	200
330	265
55	262
215	173
299	265
319	395
229	269
367	178
412	192
540	216
285	85
158	193
332	183
355	300
300	506
435	158
398	419
330	85
200	265
264	332
238	265
513	300
130	266
314	388
298	185
587	355
231	299
222	316
327	266
275	256
355	59
300	218
83	374
228	205
299	584
121	253
361	96
361	270
183	325
367	433
308	240
254	387
272	57
104	337
175	172
276	385
566	366
324	512
260	234
264	260
274	414
403	67
438	314
368	206
323	346
334	221
312	57
491	144
157	198
298	16
338	427
252	383
247	125
264	349
232	300
292	52
312	250
350	306
300	327
249	288
195	239
77	300
200	116
281	455
327	345
287	441
294	250
165	219
284	389
210	476
229	291
495	235
286	481
402	202
132	274
265	388
221	249
342	380
111	164
472	113
318	475
70	308
333	32
272	349
387	426
305	429
502	222
371	539
284	157
503	412
161	444
341	501
144	108
322	509
274	245
271	400
262	136
548	447
293	152
354	249
296	117
327	390
233	572
320	166
526	399
290	92
305	127
298	347
405	270
379	211
563	243
289	492
456	229
219	454
256	151
364	497
290	270
426	227
260	116
443	54
301	245
205	534
119	329
298	345
208	433
301	349
571	365
293	543
277	115
379	101
282	506
318	479
339	395
196	123
267	30
300	429
494	333
370	167
261	129
325	271
258	78
317	426
139	471
346	531
402	279
400	66
368	342
330	528
244	107
243	495
408	379
67	307
258	59
265	57
370	322
352	264
127	161
273	153
223	367
264	55
235	484
183	163
262	390
250	287
277	275
321	472
246	311
316	423
277	125
414	320
205	413
241	295
257	538
375	206
419	272
300	103
310	251
394	568
281	93
246	306
308	20
337	72
313	429
326	529
294	546
272	379
293	399
269	509
282	189
276	227
309	436
289	145
304	402
313	455
326	428
401	215
324	426
321	527
277	448
28	273
283	486
203	325
189	359
333	389
302	143
299	163
265	283
378	101
291	241
129	312
240	207
452	286
302	244
291	458
356	374
293	438
347	350
441	306
237	270
308	547
171	81
294	325
309	461
379	298
305	362
202	99
340	208
450	280
181	315
320	464
299	200
289	523
410	90
312	579
350	41
275	159
272	217
367	244
120	113
297	96
260	192
300	247
130	234
330	414
190	422
218	511
240	211
281	150
421	286
453	252
470	295
290	48
475	210
346	485
274	449
238	156
208	315
395	293
329	390
200	297
318	35
324	314
403	336
190	340
103	298
281	327
169	124
293	495
300	444
367	358
165	155
233	516
504	399
251	373
238	558
390	520
290	386
396	206
240	227
344	574
374	432
395	471
478	296
346	228
313	451
310	266
271	516
324	276
284	235
149	115
230	496
306	273
377	253
364	516
112	390
309	376
53	331
429	241
302	468
299	240
473	393
80	274
160	98
359	251
154	374
230	575
104	297
443	316
288	346
294	342
265	454
281	120
304	245
339	12
346	467
309	338
232	400
433	204
276	19
152	328
274	466
466	399
382	125
381	526
368	284
300	410
372	68
386	194
117	268
337	354
398	276
304	3
328	320
314	124
299	493
334	402
532	370
513	433
104	303
302	222
270	552
479	331
146	270
221	188
389	295
447	311
290	533
315	175
520	323
370	282
318	224
259	490
262	236
343	130
300	213
168	428
300	415
227	461
297	197
552	397
411	441
292	408
294	488
212	432
323	289
17	353
314	297
254	277
243	399
351	449
319	245
495	469
323	380
39	304
228	419
312	275
302	322
344	342
330	543
377	515
280	474
311	220
286	515
373	189
447	338
261	152
106	429
363	465
345	300
153	237
272	177
340	331
310	141
470	324
231	433
282	207
261	256
302	199
156	419
157	503
267	23
420	256
312	555
169	339
211	228
67	371
310	524
163	161
333	367
259	218
298	69
355	263
221	343
536	326
178	146
247	303
250	478
255	163
301	296
336	521
331	185
473	349
300	370
551	272
422	417
220	216
315	266
241	325
306	98
262	475
120	162
244	173
313	230
320	216
134	362
320	202
390	431
280	341
298	494
275	221
64	216
307	333
294	181
298	411
338	77
300	571
282	224
315	171
548	234
177	254
56	257
273	529
359	554
217	278
199	470
221	85
542	455
269	373
265	89
391	73
365	236
303	191
207	229
181	323
313	478
250	162
353	113
418	422
346	326
482	260
325	514
386	487
306	277
325	258
515	167
376	381
300	364
336	542
257	124
241	304
307	260
293	208
169	91
313	231
257	159
210	293
291	394
261	23
510	200
303	133
425	456
288	426
296	427
346	274
161	433
276	62
239	103
194	150
233	322
222	168
268	511
186	216
299	475
103	228
366	364
39	256
199	461
360	477
144	324
128	486
305	496
421	232
366	213
407	286
309	169
305	231
378	126
309	84
322	207
203	479
220	336
340	99
293	311
159	522
295	138
270	452
314	147
258	479
294	289
299	140
263	382
318	273
216	205
31	401
308	292
366	589
248	135
369	291
322	83
290	479
126	334
77	211
255	311
156	377
382	466
292	124
299	532
393	359
247	125
257	302
291	350
319	436
321	154
310	513
300	285
307	530
211	231
451	321
149	226
304	156
311	505
181	194
217	74
333	209
316	424
300	466
350	197
370	298
352	386
275	342
446	129
303	577
308	594
99	120
293	330
448	204
217	542
310	586
277	329
97	231
235	137
78	234
277	111
253	202
264	280
438	489
579	376
175	495
302	542
274	469
399	249
482	385
208	504
341	494
363	423
321	451
159	341
248	400
482	291
323	230
292	39
265	244
299	41
530	241
229	427
374	444
357	127
393	417
32	356
370	233
182	287
579	343
435	153
321	498
406	439
301	28
303	591
424	313
278	319
302	390
295	544
109	318
288	432
278	398
291	310
291	16
331	305
181	469
223	368
363	350
242	196
370	374
311	587
342	208
549	261
357	552
317	194
394	355
406	552
319	254
343	153
305	12
185	241
383	533
310	499
300	292
329	334
334	574
457	206
300	77
318	163
258	322
286	562
202	408
308	553
259	238
175	416
305	280
283	210
324	348
201	307
325	130
268	73
231	111
241	312
304	112
195	265
218	147
159	388
425	294
279	523
251	65
409	280
296	317
275	61
300	344
181	513
564	386
334	464
286	255
177	344
473	292
317	426
303	220
250	551
432	183
357	300
360	102
404	379
234	394
284	321
402	462
133	196
459	438
341	560
290	582
117	193
535	256
165	266
181	409
296	303
281	426
312	153
307	301
153	314
194	456
558	258
405	159
443	259
282	496
235	134
429	65
323	512
287	590
281	393
110	477
433	272
378	190
437	352
300	238
555	225
242	445
225	287
210	174
295	349
194	235
397	111
203	277
213	386
217	218
372	272
379	530
316	167
419	361
346	166
423	468
207	199
217	130
499	176
423	452
305	223
303	239
287	542
431	281
342	560
138	142
219	383
289	33
115	245
397	286
335	323
301	334
184	266
401	137
297	151
363	467
322	374
282	210
190	109
270	493
295	358
46	162
313	124
344	546
341	537
333	350
400	291
425	335
345	191
445	245
480	404
387	276
369	59
302	347
257	30
199	345
182	545
285	457
259	13
342	190
396	402
113	206
384	174
298	40
298	439
305	545
218	471
280	288
490	255
300	192
464	301
312	551
282	367
239	230
316	258
442	293
268	501
168	203
79	437
330	561
285	283
433	442
349	520
300	87
303	325
284	265
348	200
189	415
178	509
132	322
555	424
352	499
247	171
207	399
55	310
305	82
428	422
225	287
367	355
334	222
415	533
324	246
368	335
475	469
459	158
338	325
162	341
290	452
261	182
281	81
83	272
385	320
361	146
273	16
216	480
209	415
390	180
367	418
433	446
258	530
338	434
375	390
167	324
296	295
300	169
408	380
314	527
93	258
375	287
223	411
72	130
326	349
301	19
251	576
312	158
562	286
275	167
353	48
425	278
237	32
296	507
302	320
106	181
90	493
250	195
388	288
310	109
350	287
364	546
138	272
278	318
266	506
371	517
215	246
299	498
280	125
286	407
199	373
288	284
469	290
283	434
307	169
142	153
370	478
353	97
178	297
258	392
374	417
310	508
264	280
314	308
208	414
301	175
279	284
253	290
489	182
300	460
414	416
357	532
320	9
307	327
422	458
322	429
364	538
219	256
305	207
345	56
300	169
275	254
506	463
228	70
467	300
237	265
319	317
191	157
258	101
303	251
297	331
463	447
300	289
329	268
348	517
367	366
329	276
127	185
437	416
415	236
22	216
233	261
541	196
332	416
321	283
270	369
453	503
413	135
427	233
368	475
430	328
145	439
303	534
180	201
323	362
373	287
170	300
293	419
578	294
154	204
500	286
305	97
264	150
263	273
207	194
220	138
426	357
250	112
160	214
187	487
372	358
306	252
296	267
441	407
294	361
39	301
256	450
208	195
297	216
318	148
420	511
368	329
314	523
249	148
179	437
369	418
559	219
240	97
341	265
407	404
268	547
317	253
378	238
299	230
370	482
300	243
294	529
283	83
117	412
300	522
380	290
324	544
294	378
136	448
244	341
374	156
98	183
170	507
340	518
304	304
282	246
319	359
282	101
279	529
254	491
507	245
293	375
221	396
116	281
324	414
424	426
285	401
154	177
315	216
276	140
192	306
257	407
279	195
335	491
422	334
262	498
215	195
316	444
396	398
307	20
369	468
249	433
299	296
343	325
270	70
535	255
316	191
280	76
182	120
279	256
282	282
277	10
334	379
305	85
260	228
300	106
102	244
197	268
297	504
431	383
291	274
299	420
304	242
304	373
305	586
468	115
290	425
319	96
356	515
336	464
38	372
56	350
270	533
256	427
215	130
225	461
297	415
110	222
74	349
369	100
204	487
305	161
255	440
369	456
311	516
221	384
325	390
309	566
192	436
286	508
291	294
254	18
294	66
264	304
482	484
299	356
483	293
305	154
293	367
402	512
304	42
415	473
297	339
334	235
400	182
274	410
321	409
144	458
333	189
289	220
330	219
306	560
278	465
267	548
428	129
300	51
347	351
289	45
393	564
480	352
302	470
332	481
230	186
453	192
280	307
351	299
329	425
318	341
511	447
280	462
97	180
320	327
344	485
501	378
326	80
200	475
290	247
358	301
257	17
249	191
285	428
440	255
365	257
374	163
307	454
368	438
278	320
182	509
292	111
537	268
300	162
313	453
264	347
370	360
359	560
217	279
577	295
89	257
310	158
194	270
437	376
439	48
161	414
468	277
272	458
301	299
304	85
322	271
337	249
452	230
258	290
269	294
303	117
202	342
159	234
306	449
297	437
159	278
453	362
408	79
376	307
281	333
278	76
378	573
375	306
137	157
394	257
214	447
287	572
319	239
176	352
357	479
427	403
261	143
179	140
368	169
341	151
311	451
130	138
158	340
268	550
286	147
271	225
340	354
203	40
294	331
103	217
181	44
411	387
280	67
349	487
404	355
300	530
253	73
143	157
227	392
118	245
322	375
266	262
373	526
392	240
302	193
270	357
362	42
407	450
271	203
292	450
302	54
310	290
450	319
191	267
282	4
140	346
212	389
212	256
279	349
315	294
398	543
210	478
295	69
292	165
401	198
256	123
288	416
268	157
278	111
262	237
291	98
376	128
304	88
255	312
400	529
137	220
360	133
229	246
426	477
313	318
279	540
299	297
222	223
277	200
242	471
130	196
304	48
293	360
276	532
182	440
26	359
300	75
327	371
548	233
328	388
272	227
112	149
171	355
469	325
299	333
510	275
303	406
310	113
274	288
295	120
323	120
396	49
318	547
448	104
447	51
32	241
339	317
297	294
291	388
206	188
343	539
341	144
168	211
245	175
310	510
334	486
423	304
295	446
492	330
181	384
348	306
296	314
496	235
205	227
141	228
457	196
204	285
269	168
501	196
423	262
218	183
275	305
324	109
278	310
397	315
291	466
454	254
341	36
218	217
297	127
367	241
428	216
9	255
361	489
262	182
281	159
433	134
296	109
169	325
325	518
349	487
395	323
359	168
364	276
72	300
281	169
247	390
395	353
135	250
158	378
277	433
162	193
393	247
138	161
329	215
178	470
104	206
177	224
293	228
371	378
433	425
413	192
318	109
291	15
419	165
306	179
243	133
301	275
396	453
298	583
290	382
257	493
320	510
153	230
334	527
182	372
135	183
353	53
263	428
352	492
183	315
226	530
389	464
242	184
429	156
194	295
206	114
305	66
170	443
209	349
300	151
279	194
390	100
288	136
302	26
343	223
250	277
174	360
341	524
304	21
342	292
300	362
548	319
148	480
422	382
375	509
230	509
165	385
336	494
549	270
290	584
352	340
523	338
247	528
338	491
139	236
31	262
317	247
367	394
300	512
248	100
269	87
230	435
293	172
368	283
244	142
394	371
273	228
498	200
300	430
346	254
209	434
266	371
353	239
218	444
287	30
283	198
326	211
458	268
436	107
400	156
315	325
293	368
322	333
271	375
149	337
294	542
420	92
214	367
497	201
291	315
120	364
246	402
379	530
278	308
174	204
321	299
368	411
183	374
295	352
333	439
166	326
157	341
325	285
63	200
391	387
356	183
203	227
361	258
147	66
296	232
149	321
274	388
304	122
335	478
225	338
268	59
394	359
315	440
199	465
354	276
247	134
277	225
154	293
126	340
474	196
354	35
370	320
312	482
379	510
315	353
191	390
516	399
304	403
248	405
256	203
224	216
325	358
300	229
290	409
544	416
344	426
249	324
186	256
378	328
407	235
460	191
88	506
108	311
91	277
253	406
314	537
320	489
114	411
352	435
275	545
52	335
312	8
280	365
323	475
284	63
180	318
95	205
243	343
273	176
337	93
445	136
305	343
144	293
108	388
364	278
379	459
327	382
286	259
406	382
439	106
326	114
264	215
437	468
270	305
174	532
299	159
83	343
278	170
331	124
547	387
400	360
134	255
157	268
286	204
177	304
342	337
377	293
322	347
275	320
282	563
519	484
292	208
191	214
351	288
288	88
335	266
195	283
250	342
198	249
485	166
300	235
440	170
362	509
306	162
556	246
391	395
307	291
216	43
309	113
425	408
272	181
315	78
476	248
433	207
300	289
304	197
276	164
556	203
173	293
336	446
422	475
265	326
270	537
221	515
364	178
310	54
299	216
310	517
163	302
293	295
188	230
327	410
289	378
199	437
356	355
226	332
412	503
305	425
152	399
460	385
198	216
327	403
274	262
525	224
238	295
221	489
263	190
153	115
186	286
538	349
69	352
294	259
305	149
88	185
430	278
365	262
122	453
298	482
314	447
511	199
216	510
290	417
294	492
258	105
242	202
300	407
305	316
293	300
253	209
236	294
324	473
424	559
114	254
329	441
166	457
254	94
179	503
286	315
414	545
294	475
159	319
347	569
388	209
290	82
423	157
339	538
480	326
240	314
330	512
287	431
217	312
107	246
298	544
161	512
165	519
252	231
234	245
303	281
293	137
352	324
251	240
116	308
231	130
305	498
286	214
345	411
331	396
415	144
350	302
333	466
170	457
305	383
192	513
237	299
272	368
329	89
293	378
290	236
191	205
263	502
237	92
190	498
263	52
297	310
239	239
309	230
228	194
297	293
471	179
287	351
175	285
366	488
291	445
210	416
481	396
296	168
191	503
261	190
235	552
284	501
348	163
84	190
290	141
257	238
523	284
360	12
410	386
305	299
328	66
247	404
300	455
467	218
354	504
483	166
300	459
345	497
279	467
381	533
188	287
313	151
268	290
287	152
289	10
300	490
379	409
46	340
280	184
403	300
571	243
516	239
178	425
331	198
282	141
263	495
126	193
278	352
363	355
302	445
165	432
345	285
255	164
111	478
270	89
201	450
149	271
345	75
338	165
244	74
317	124
467	420
348	186
279	391
553	241
205	296
334	180
311	519
382	333
505	366
408	285
163	336
328	521
250	577
495	476
369	179
265	95
541	422
297	121
275	503
270	87
398	70
297	136
229	249
443	161
255	77
264	155
364	122
252	307
252	313
299	504
441	290
361	389
409	320
310	135
327	188
227	409
225	331
215	95
195	409
346	382
258	210
302	94
272	504
200	298
391	333
358	340
232	481
316	159
169	295
300	300
296	558
300	123
226	340
300	322
426	349
285	421
333	261
323	219
436	182
242	468
440	412
302	151
360	402
168	365
287	567
273	503
305	170
334	476
315	187
302	356
292	470
268	331
295	186
373	310
277	339
157	129
390	333
348	366
343	250
349	356
314	234
315	64
134	288
320	341
436	210
114	247
304	129
254	454
362	215
247	350
161	297
432	462
274	134
304	259
173	387
260	587
262	354
257	203
220	174
300	341
569	229
75	357
344	379
364	103
279	397
300	262
321	294
301	4
356	471
273	226
284	322
150	206
409	81
259	330
375	465
239	482
326	544
324	256
207	385
327	213
496	453
342	300
331	71
78	425
185	219
281	369
387	259
306	114
365	465
253	170
471	436
92	270
351	299
330	410
138	84
465	318
458	239
288	89
311	473
395	290
446	387
256	281
275	347
234	170
320	320
483	376
263	220
251	518
341	347
340	62
299	59
362	323
33	333
348	572
298	83
389	165
206	168
319	534
362	91
235	336
276	574
383	164
300	234
255	322
289	381
216	470
251	154
298	239
300	401
321	75
321	528
254	381
150	243
254	151
152	428
289	111
414	495
186	452
234	215
231	188
262	80
325	64
249	460
338	389
303	41
246	40
422	208
283	570
282	169
260	86
378	286
316	448
348	312
186	144
304	342
255	326
131	281
341	337
93	432
254	175
305	227
323	125
344	432
289	110
130	82
329	462
331	576
260	510
307	241
363	181
303	67
286	329
271	174
361	433
560	378
409	152
443	360
469	139
306	139
116	97
264	283
354	190
257	418
219	378
398	288
300	307
282	389
304	474
239	433
443	81
454	156
267	484
282	61
315	462
570	222
133	347
457	401
283	382
377	336
379	117
246	189
254	155
360	358
445	265
285	437
498	430
351	430
396	367
294	315
338	413
307	327
227	427
452	92
323	412
266	34
481	272
418	454
158	498
400	244
432	169
363	313
340	433
241	112
284	345
338	284
286	80
502	379
251	497
299	471
276	539
241	519
230	541
251	385
346	222
336	529
404	375
346	112
311	231
194	366
361	146
276	283
300	118
127	217
198	329
485	291
273	281
74	386
242	342
234	27
301	136
338	307
335	229
358	244
303	348
199	137
495	433
197	518
295	190
350	537
290	489
301	47
193	74
279	256
143	259
258	341
424	524
309	292
528	270
298	470
380	510
298	106
344	268
473	400
306	230
103	479
278	228
248	297
243	154
451	418
369	530
374	312
312	338
373	511
357	140
202	318
349	473
108	378
148	229
226	343
225	403
328	105
423	537
296	504
241	324
317	204
134	262
400	333
418	126
300	520
319	534
390	318
248	426
175	252
309	278
315	333
136	296
319	479
288	249
279	138
346	55
210	271
195	355
371	158
335	109
131	424
183	267
360	89
271	348
295	216
327	546
122	401
408	174
326	375
168	378
264	449
301	478
473	441
297	289
529	312
192	186
373	351
307	386
314	572
175	306
238	370
273	418
98	282
208	229
451	237
296	511
276	389
394	374
329	171
117	172
253	452
171	221
376	168
277	346
337	478
347	149
301	84
300	495
374	242
292	138
257	208
304	153
544	341
411	391
313	115
287	94
431	447
309	395
379	393
249	530
353	99
265	27
284	453
270	199
319	538
369	491
271	501
215	185
260	508
329	265
292	299
167	192
427	81
271	441
431	335
293	510
120	213
311	510
373	513
175	212
185	515
386	540
305	381
319	411
151	478
370	28
207	110
374	208
281	315
379	265
386	419
238	304
304	101
483	255
253	172
317	255
282	406
279	475
236	176
190	456
429	479
124	393
225	491
183	125
351	288
346	520
345	508
372	412
307	330
330	13
345	310
335	359
203	383
448	237
128	263
261	346
319	366
285	497
441	399
409	456
193	284
327	446
244	196
403	181
296	38
321	568
276	120
341	300
273	286
193	443
258	348
298	318
258	201
391	205
305	18
285	251
332	430
313	523
313	432
161	70
315	231
369	405
303	152
299	261
431	346
231	379
348	215
243	343
275	292
312	446
501	385
199	123
368	250
468	434
328	373
279	108
364	440
363	323
357	125
396	232
60	179
343	219
509	402
170	188
181	402
505	240
494	513
451	111
330	383
231	496
59	422
455	257
310	494
308	306
319	302
339	436
507	187
335	426
331	220
264	331
275	495
298	508
353	455
303	281
317	34
239	462
282	406
353	429
270	341
408	425
229	201
373	296
349	82
72	395
281	531
231	431
418	459
274	561
194	294
134	458
269	438
147	279
327	443
356	565
299	365
440	306
347	365
306	117
312	483
333	491
198	341
450	216
321	66
156	322
309	338
264	252
307	139
369	407
169	152
496	230
201	192
306	82
373	144
60	383
157	113
342	124
300	293
320	471
284	171
196	237
311	304
215	140
185	528
7	283
140	510
260	372
279	520
307	166
192	359
142	188
423	268
335	430
281	169
207	424
286	540
78	397
396	295
300	124
380	338
142	193
148	308
211	267
173	529
178	292
444	303
323	67
104	454
91	333
285	131
238	416
210	187
294	210
196	249
300	304
503	108
319	367
274	199
58	432
303	124
438	240
359	436
292	191
315	228
271	14
386	165
406	432
310	389
464	272
300	21
212	241
262	274
288	199
170	494
390	241
319	264
466	382
326	298
179	246
241	47
325	102
357	231
228	292
204	323
170	340
308	519
416	351
392	426
276	507
134	373
245	326
492	434
279	14
252	159
333	388
262	336
308	465
203	299
233	176
417	304
489	152
289	82
407	246
326	300
252	169
279	363
258	127
464	314
371	199
482	331
407	494
333	150
117	300
259	512
301	424
421	241
358	253
477	409
68	250
307	361
350	237
371	103
307	450
293	201
252	381
471	141
361	85
344	215
370	384
327	349
219	478
206	263
325	555
288	300
479	274
311	366
452	225
146	533
172	225
458	361
243	446
310	321
301	284
158	238
410	497
342	49
467	267
498	477
250	351
285	251
109	367
359	301
311	245
291	119
217	439
385	55
109	202
104	251
403	378
207	143
228	257
276	38
325	272
424	302
287	522
324	156
210	370
258	293
586	302
480	408
394	287
195	432
395	217
283	109
419	242
228	538
212	451
242	110
330	217
384	330
299	311
293	258
357	275
243	483
337	438
300	217
311	566
378	200
303	463
272	229
289	561
412	353
328	93
395	243
35	360
366	81
450	387
279	421
32	227
328	513
288	484
278	144
319	68
286	260
149	412
75	327
300	354
174	379
292	175
147	295
222	408
209	430
191	400
265	95
412	295
371	46
123	395
300	270
302	7
311	101
331	112
320	226
204	407
299	321
273	191
358	365
261	441
201	495
502	222
344	377
294	385
258	341
225	454
364	332
408	158
35	287
296	226
321	79
373	232
421	397
331	470
304	37
283	309
302	195
124	125
318	551
198	362
279	14
282	163
167	382
215	508
481	290
395	195
177	436
259	422
251	371
311	220
300	192
247	218
269	581
259	96
160	390
234	61
377	301
289	223
212	560
473	291
323	422
271	254
277	271
360	333
256	373
127	404
265	309
264	397
249	192
251	473
126	207
298	579
264	280
253	396
429	179
529	408
495	276
141	411
348	160
315	195
80	397
292	75
204	469
301	268
355	268
478	135
329	274
283	393
483	109
341	453
302	254
465	417
300	171
365	306
270	440
315	262
301	31
137	272
298	406
367	391
301	152
308	294
280	409
301	446
298	368
327	497
340	343
300	154
299	195
317	453
293	282
351	33
371	145
294	503
313	172
71	368
306	387
510	208
366	253
145	155
224	51
410	225
300	231
128	301
317	425
209	246
287	447
354	42
205	315
254	183
355	274
428	411
299	436
254	338
249	495
182	150
167	217
333	254
295	253
459	422
277	307
374	364
299	162
183	507
164	197
303	233
439	302
300	296
244	183
369	302
316	498
199	313
146	311
83	365
307	146
106	509
297	522
245	243
263	306
310	509
338	558
327	189
392	375
332	501
206	420
221	482
285	432
413	201
540	228
296	105
246	175
350	498
302	580
372	194
301	331
314	510
411	164
471	303
223	437
139	185
317	546
340	39
326	174
131	443
399	394
323	178
243	195
293	25
252	328
441	69
300	78
349	119
160	135
227	232
308	409
354	485
321	316
122	253
344	139
369	159
257	202
263	415
260	282
393	284
343	331
288	348
302	58
450	275
354	525
340	157
514	195
67	251
297	341
102	285
290	162
303	54
186	61
341	46
321	31
324	418
312	341
393	501
269	359
266	11
301	22
237	422
180	455
199	88
272	37
100	148
279	427
429	345
521	327
387	255
326	435
356	455
319	536
144	245
418	516
326	275
271	358
100	131
207	137
272	177
274	349
538	209
316	269
197	199
280	408
351	448
331	492
338	147
288	459
397	83
232	321
321	226
170	450
238	281
279	55
282	552
332	104
253	94
523	303
160	360
210	257
94	251
81	235
292	259
408	308
287	427
293	343
214	135
262	546
285	247
258	56
299	91
314	324
363	475
158	292
292	578
218	162
371	222
318	49
353	409
368	272
349	284
214	573
263	421
269	159
387	271
350	134
165	249
117	199
203	33
345	215
182	458
424	304
321	109
262	271
324	69
95	365
432	353
285	550
183	174
318	322
399	72
164	309
339	252
230	175
490	217
242	270
303	22
272	178
167	132
300	527
327	216
493	105
309	424
336	390
404	174
199	496
207	418
278	433
361	562
334	582
291	260
219	367
150	206
279	19
302	369
555	336
117	207
351	89
45	353
303	524
279	303
341	438
323	350
309	401
367	41
353	283
302	279
306	298
523	325
277	383
420	197
274	63
310	307
207	438
311	345
256	253
448	111
422	362
306	557
297	241
318	248
282	202
345	398
292	48
460	347
380	391
250	468
316	240
303	412
165	356
358	572
226	476
375	50
174	151
396	426
368	109
349	56
285	504
96	267
141	189
243	83
380	317
234	155
46	234
325	586
326	417
313	144
329	176
292	31
308	542
411	346
300	551
548	318
552	412
137	216
345	197
325	276
302	580
418	493
337	132
303	215
291	542
305	253
321	260
536	353
217	463
413	526
295	288
227	232
169	305
313	245
322	206
303	114
375	350
356	99
229	416
325	164
309	518
109	339
238	353
407	338
213	409
353	306
338	235
429	404
413	114
330	556
178	450
430	424
370	218
419	367
382	290
167	549
327	265
421	495
410	300
249	353
195	254
234	422
165	450
412	364
399	420
304	306
318	358
317	292
208	306
220	308
337	502
201	202
178	335
240	514
284	125
303	2
302	541
296	206
327	525
369	477
354	166
304	295
502	369
303	224
307	94
246	50
469	361
148	94
307	497
311	211
62	414
223	369
272	484
134	185
90	335
177	433
412	367
279	263
326	367
542	285
423	91
301	210
233	242
340	478
516	345
318	91
248	593
506	223
311	492
166	422
494	165
434	553
189	250
293	488
221	196
171	385
351	251
362	102
423	86
162	114
379	526
159	382
328	410
309	540
218	486
301	148
247	566
279	509
38	285
294	53
218	160
298	203
277	301
243	130
283	283
252	410
301	477
355	319
465	249
388	112
294	428
260	28
138	242
418	414
547	284
277	68
233	468
298	556
317	136
456	166
137	338
347	99
392	355
361	516
302	195
346	92
300	237
246	69
320	569
232	306
335	462
301	579
303	455
236	296
562	318
230	278
406	387
212	258
223	139
327	381
301	207
191	354
292	124
242	507
125	350
356	67
313	116
315	333
315	184
364	149
294	535
331	65
289	338
203	493
254	171
419	254
220	424
306	32
378	115
466	458
300	276
243	309
446	384
404	510
195	50
227	122
469	436
465	439
377	434
21	383
263	474
277	10
260	156
453	257
484	277
121	319
44	373
282	203
355	313
114	369
240	304
506	216
441	319
273	405
541	377
182	321
504	368
412	128
164	391
308	123
423	460
374	289
367	501
413	376
424	80
294	319
336	509
292	209
474	431
321	80
282	238
276	518
342	275
388	198
306	297
300	282
153	407
300	112
417	138
325	200
267	267
262	96
473	262
306	43
369	128
309	377
386	500
278	314
376	259
305	373
235	288
309	326
450	232
275	418
285	498
372	409
334	317
299	527
191	468
304	569
298	467
108	292
299	194
297	413
114	405
166	304
295	245
547	180
342	83
283	488
279	198
244	487
265	563
314	362
321	377
297	28
442	385
321	185
294	260
111	428
160	332
290	511
354	277
297	424
315	218
326	496
238	175
319	273
417	124
299	282
313	30
136	209
238	495
170	313
272	485
306	276
391	366
172	396
285	389
116	252
162	481
272	493
277	123
421	231
292	397
106	308
292	39
280	184
284	145
215	182
295	298
300	267
457	264
120	130
290	347
109	346
290	144
310	345
142	78
299	578
408	236
345	430
329	193
76	345
241	126
233	343
310	221
515	414
379	471
206	236
169	154
78	146
131	395
122	192
122	254
300	348
490	335
160	359
227	322
240	542
424	181
233	289
234	296
135	268
481	325
330	270
298	362
530	324
208	386
341	541
523	211
322	403
404	39
364	329
342	113
301	221
310	447
305	455
266	223
523	155
468	490
216	234
338	260
278	586
237	345
408	291
343	259
380	75
395	94
546	344
346	253
267	221
144	406
317	183
402	307
261	509
289	291
318	173
263	224
496	300
406	318
221	475
303	385
283	562
262	346
92	385
349	558
216	558
315	37
511	414
152	138
252	310
333	198
106	477
451	272
304	108
130	330
381	176
219	407
471	426
530	457
318	129
251	426
289	510
403	463
307	505
196	408
322	309
271	466
496	309
276	159
306	213
295	516
288	189
218	472
447	237
470	349
327	487
253	278
286	562
156	110
386	551
295	363
275	154
283	283
334	487
302	64
327	532
296	154
214	288
244	194
283	383
255	400
415	268
379	256
288	560
315	261
225	205
296	275
301	416
119	157
238	508
86	345
445	334
313	356
493	199
283	259
121	272
502	191
339	276
312	578
167	287
247	141
238	313
420	363
278	142
300	109
327	433
70	331
423	114
300	61
194	327
370	202
399	225
387	201
232	295
315	406
286	249
268	490
407	217
86	309
274	183
240	348
275	109
205	80
111	466
347	211
301	496
345	263
272	217
389	231
314	467
405	523
352	59
302	343
379	213
321	382
283	180
494	369
489	157
492	446
372	204
446	157
315	72
293	228
353	565
312	464
108	192
411	445
297	217
173	299
349	577
492	276
80	215
283	360
306	477
350	543
328	529
382	487
354	253
311	241
137	476
197	360
297	368
282	108
229	470
260	201
387	165
327	399
323	250
255	22
464	400
426	505
252	252
315	356
185	474
126	135
313	518
297	170
344	374
229	578
182	283
314	362
255	406
201	195
290	448
254	545
273	517
308	23
428	482
212	312
283	113
288	399
461	78
316	503
208	330
431	183
402	346
294	6
318	427
313	57
400	566
287	58
290	549
272	447
339	239
186	262
350	526
409	270
338	558
245	153
301	364
435	370
299	559
307	531
307	127
268	519
246	191
192	183
410	365
98	333
205	39
291	540
183	202
288	206
322	238
381	264
323	113
264	316
423	192
463	239
225	490
286	266
305	356
274	495
200	205
351	449
259	292
514	366
340	296
323	295
287	387
245	551
285	334
395	501
517	170
196	186
207	416
309	304
211	324
487	289
315	69
364	301
305	255
450	316
336	558
451	101
260	562
289	178
308	372
382	242
184	267
161	174
231	551
207	170
349	220
81	309
339	574
300	522
197	405
279	278
298	227
246	218
418	405
435	167
180	239
284	74
200	358
388	255
296	434
300	148
102	258
284	313
107	232
280	272
297	159
249	300
370	489
542	164
202	328
284	243
575	216
384	297
269	98
304	448
354	510
543	230
235	346
148	302
412	391
209	48
315	152
288	440
247	316
494	232
269	155
134	520
405	282
191	60
82	252
313	421
439	191
283	264
382	114
164	271
331	538
436	247
284	90
404	291
265	86
153	351
135	396
301	326
232	303
277	290
295	85
335	459
78	309
438	351
347	282
203	425
509	271
382	298
231	168
305	66
318	199
274	31
336	548
109	237
99	195
420	332
301	586
359	110
320	364
308	463
296	271
273	248
295	138
173	280
526	238
268	157
323	41
301	407
320	216
179	285
421	81
132	401
283	395
142	250
240	319
290	83
390	266
210	172
299	456
300	300
378	136
103	182
368	322
297	421
355	461
301	562
376	207
321	119
290	79
350	478
156	163
498	303
246	174
368	311
259	23
428	304
292	319
162	280
308	497
355	339
328	214
345	459
379	507
363	402
300	547
425	465
329	342
276	35
269	545
185	443
224	57
240	333
296	109
327	417
315	390
364	518
153	511
268	491
527	376
379	70
281	560
436	203
261	356
295	533
168	258
131	307
403	210
216	413
460	202
297	259
267	466
393	246
332	228
314	315
233	209
299	583
227	583
239	66
428	268
471	72
416	361
348	517
212	111
297	32
517	353
313	276
272	554
385	283
101	266
375	238
247	334
304	356
300	109
339	89
321	417
105	466
299	432
300	198
189	208
216	507
260	232
413	514
435	411
345	141
274	512
300	384
328	112
276	348
90	172
393	256
363	110
272	492
104	182
346	519
282	500
318	573
321	33
128	435
319	494
448	364
409	143
217	391
191	256
412	342
317	284
308	348
453	296
398	225
307	531
360	337
307	143
298	51
291	435
275	417
263	205
465	125
261	433
282	364
265	249
278	223
418	290
309	221
355	186
347	547
183	411
129	174
300	370
118	439
307	219
508	211
296	292
337	80
365	474
374	558
440	288
400	500
354	161
264	364
363	197
207	563
399	158
297	542
335	511
437	343
379	540
292	527
329	540
180	266
377	163
176	468
327	300
297	104
347	178
428	297
329	401
303	262
227	393
306	367
328	149
318	274
502	190
88	326
369	396
257	90
173	201
388	447
494	152
378	82
415	376
257	572
468	261
348	114
54	297
449	348
314	320
318	117
264	127
334	416
471	330
472	122
355	337
319	300
272	362
67	256
329	506
271	332
278	296
271	150
332	249
285	295
135	322
361	441
380	179
300	306
27	254
349	186
386	60
294	491
313	60
356	389
144	289
87	383
320	438
290	351
441	87
262	204
440	466
428	223
294	428
270	132
414	264
308	475
260	180
482	529
338	336
520	289
189	528
271	431
264	169
185	149
386	244
260	174
497	444
299	196
280	516
377	283
290	260
341	196
300	568
279	50
298	310
280	509
303	372
189	271
343	225
201	145
332	278
314	419
189	529
322	101
348	352
274	148
365	199
286	72
313	294
226	563
165	281
289	466
300	592
316	40
313	300
291	506
319	64
295	552
110	245
242	539
98	184
244	477
301	489
433	151
199	244
338	555
395	306
315	282
262	444
287	237
226	513
307	257
300	312
313	106
191	246
356	144
407	73
316	358
42	332
346	79
443	260
348	250
114	313
208	293
414	280
261	525
362	379
176	488
305	109
387	314
335	490
308	89
416	162
300	492
471	314
257	242
74	259
406	191
228	207
331	107
120	261
405	461
335	342
281	433
303	211
357	114
174	270
134	277
352	83
213	150
307	294
341	336
427	458
312	232
363	132
285	300
346	376
296	66
313	364
318	66
165	335
318	522
331	244
299	282
493	139
569	321
504	332
394	304
406	315
272	375
422	265
403	194
306	252
274	96
378	296
209	440
218	350
270	483
147	313
331	120
329	500
396	77
381	110
264	422
495	401
355	555
300	247
185	247
165	315
284	51
370	200
310	530
534	371
326	324
247	232
422	400
202	434
347	507
304	157
469	186
537	256
265	284
558	300
306	303
315	233
194	474
336	104
369	455
395	321
314	135
197	451
263	210
330	130
193	207
339	85
220	286
367	175
335	311
325	542
302	447
417	337
264	121
307	462
306	431
346	393
358	287
330	192
293	306
399	397
299	27
40	300
336	275
279	489
216	375
338	382
387	324
323	498
464	455
516	325
331	358
284	124
280	516
369	322
236	424
497	128
306	147
264	148
198	240
283	300
216	134
240	367
244	398
273	228
242	539
440	262
318	361
392	235
236	171
477	369
367	479
300	143
283	391
323	572
334	504
334	400
300	389
394	158
205	224
355	370
104	278
318	333
96	152
228	307
455	453
122	157
262	389
228	531
260	471
313	472
346	386
249	135
301	94
341	418
401	348
199	283
132	475
257	81
300	219
97	196
225	52
435	363
299	558
349	582
319	446
498	286
288	493
300	389
390	251
293	290
393	199
264	251
228	569
326	267
270	422
128	199
254	396
245	42
275	47
324	118
286	220
179	298
479	447
231	240
262	490
231	40
67	284
255	230
364	301
284	239
288	93
211	242
431	389
319	363
166	223
157	454
352	313
116	480
306	104
297	284
253	250
300	266
188	219
311	563
65	330
247	227
289	279
316	388
263	544
325	194
408	203
258	222
349	407
460	287
305	3
484	426
344	155
222	272
447	457
261	196
276	160
459	354
224	408
198	135
324	465
354	223
436	443
373	85
341	265
417	254
242	136
253	92
304	119
238	110
101	159
406	316
515	258
230	490
281	521
312	230
532	273
305	122
270	515
289	127
530	445
331	249
322	256
253	378
337	256
221	458
389	66
397	167
415	114
244	105
221	168
377	107
298	541
119	276
215	383
301	477
158	249
248	362
390	270
320	80
502	142
235	187
189	407
283	209
295	309
375	235
302	464
323	371
305	439
366	184
312	113
306	517
292	322
167	35
526	183
171	298
324	425
299	376
305	358
271	420
301	70
293	391
354	346
335	349
263	92
98	293
253	291
350	200
417	249
294	355
337	407
334	422
438	392
380	484
278	403
339	436
504	360
377	431
237	300
323	433
436	510
315	407
492	336
421	311
299	181
175	364
273	127
217	445
363	156
280	151
253	260
562	265
121	340
497	437
391	389
287	588
284	330
267	526
346	357
306	381
240	189
243	303
318	105
232	278
275	384
502	498
334	487
336	368
256	26
392	342
364	111
479	288
416	315
228	214
273	312
310	465
336	296
271	73
300	587
197	93
455	363
354	237
324	275
253	358
260	380
323	185
295	178
190	335
327	253
318	384
406	251
50	287
273	475
239	164
243	520
290	149
223	516
499	268
209	414
317	499
293	378
316	528
327	266
482	488
228	381
147	180
317	138
423	222
350	488
331	579
106	233
272	410
250	319
320	71
292	124
571	234
434	340
141	69
126	58
190	413
415	305
560	418
234	269
178	510
202	82
288	148
51	292
359	91
380	228
159	224
114	88
382	194
216	176
308	9
293	365
329	318
273	391
270	467
49	309
555	296
150	327
292	194
204	397
351	38
332	504
137	345
230	340
301	504
341	433
232	318
497	486
309	343
495	119
315	244
306	175
309	134
394	434
415	395
386	356
286	127
400	500
280	152
254	437
327	488
301	305
141	380
34	226
321	147
322	467
323	297
234	215
480	212
300	544
131	173
453	367
188	101
304	257
275	184
508	347
300	64
316	576
439	429
334	162
129	310
301	468
162	477
195	402
399	294
377	269
151	268
456	130
289	285
332	372
330	414
391	267
554	211
361	228
298	24
294	439
185	494
198	497
261	400
422	399
400	346
294	406
492	260
288	395
389	277
358	85
302	539
472	378
173	226
298	198
292	43
298	397
302	406
82	397
188	321
314	585
292	529
250	270
177	368
388	334
125	425
363	437
257	217
158	419
287	86
359	224
301	173
223	291
292	332
283	54
349	424
210	285
237	132
310	375
300	516
82	368
216	317
212	259
333	283
429	348
277	586
334	514
408	378
263	118
102	476
238	283
277	475
285	216
101	460
292	431
251	452
259	485
476	477
43	373
322	160
517	359
378	359
516	232
161	352
385	501
299	271
53	271
339	301
285	254
313	514
161	508
275	272
269	416
496	140
328	336
226	346
249	137
312	188
127	463
275	370
524	357
292	394
312	208
284	200
534	302
367	131
244	315
344	406
266	365
273	255
378	440
433	383
203	170
274	187
356	332
301	587
325	317
439	118
406	393
181	488
212	324
148	147
358	338
224	295
293	543
346	571
203	199
250	310
309	330
317	251
238	498
464	237
320	166
161	497
279	256
236	361
236	306
373	74
215	345
116	148
65	260
119	128
259	386
435	140
325	262
256	76
473	224
300	121
283	449
343	331
488	242
312	134
356	454
253	204
209	310
289	416
251	467
300	98
233	54
260	438
211	172
11	250
286	108
364	546
147	282
270	358
346	494
315	209
136	324
284	552
293	595
351	81
411	349
274	93
159	328
356	340
245	223
511	266
337	182
166	193
481	445
300	487
312	441
323	332
170	300
275	284
349	343
314	149
361	308
245	11
295	117
303	205
287	71
345	470
414	446
176	222
438	339
298	350
179	343
404	237
315	37
312	204
301	349
348	430
261	318
287	458
341	158
289	207
139	265
351	466
294	215
350	451
337	156
362	291
300	504
352	380
305	524
415	415
280	306
288	346
340	496
293	212
302	99
315	246
302	497
42	204
410	473
310	595
297	200
475	373
242	173
281	280
15	300
383	55
310	44
222	366
319	543
181	185
434	291
416	76
271	333
395	290
332	192
301	462
275	189
383	495
393	262
399	321
344	464
293	397
327	421
425	62
246	266
318	544
351	253
214	99
295	255
340	89
310	471
352	77
115	126
417	314
303	335
300	539
322	563
294	369
277	18
305	54
229	155
339	514
315	592
373	285
343	383
177	310
303	468
160	230
291	402
138	362
301	5
301	285
236	295
218	576
238	416
372	343
284	414
475	320
244	155
379	273
318	358
203	316
39	254
291	431
500	299
256	385
280	240
367	323
182	227
337	444
300	343
213	193
435	551
170	287
231	325
282	304
309	292
292	326
374	466
441	232
422	256
141	77
281	197
283	139
498	202
209	143
279	70
476	403
301	129
346	452
146	221
257	580
224	313
76	236
339	53
192	503
275	539
290	520
544	316
302	296
278	585
138	184
355	389
336	170
321	511
448	389
138	421
343	350
207	182
294	300
285	393
245	55
199	293
392	165
180	201
299	22
157	302
123	424
216	386
337	336
397	150
326	340
167	250
395	238
225	177
381	214
297	570
273	529
294	372
183	279
235	146
301	254
142	300
376	415
377	404
292	569
439	79
206	419
298	553
309	26
394	341
318	355
412	509
258	106
303	242
278	352
287	18
169	290
345	78
216	406
343	276
392	284
368	201
294	61
288	146
532	318
310	216
209	161
333	317
298	297
388	299
313	285
226	145
175	405
400	254
152	207
305	59
305	358
469	326
176	219
274	390
308	53
190	263
326	355
323	389
273	151
310	361
150	155
393	270
250	27
288	300
425	381
491	421
336	258
301	189
352	93
339	249
488	196
250	302
298	573
160	398
295	352
300	93
336	300
286	271
243	527
277	267
332	209
430	398
302	260
364	95
350	47
562	350
211	16
261	285
364	284
281	509
84	375
217	306
185	122
441	436
262	70
142	157
119	389
73	295
290	536
308	215
297	506
291	107
360	167
234	485
327	80
242	351
304	269
209	205
204	390
291	387
62	250
61	327
348	191
309	349
197	302
321	403
103	337
333	272
303	213
325	568
426	192
329	465
151	308
384	569
177	321
278	62
476	220
191	386
69	369
532	187
299	464
343	282
369	309
340	197
298	93
437	115
198	529
301	260
379	249
126	243
337	207
290	595
382	439
457	411
326	516
309	234
398	213
196	303
304	135
321	191
218	564
262	243
417	335
471	379
144	164
318	152
509	140
411	355
169	379
340	291
195	333
112	197
252	531
388	545
350	392
270	76
235	282
236	442
302	13
314	559
152	355
449	119
244	422
292	250
371	325
315	593
290	22
291	29
306	210
324	493
256	252
341	195
289	21
141	471
437	300
188	268
314	521
256	313
219	418
340	332
288	487
368	124
313	299
286	308
351	251
299	528
244	361
391	503
153	399
331	154
317	262
341	501
319	341
297	402
341	455
311	472
245	179
400	443
315	525
198	392
415	471
341	195
408	83
433	225
244	180
264	397
339	558
255	541
291	48
275	364
144	398
283	300
276	25
114	250
363	335
328	363
287	426
172	338
309	236
360	500
317	174
335	477
310	433
216	213
241	133
291	82
292	76
185	303
213	333
30	269
307	460
450	135
267	79
421	348
234	364
328	523
241	228
360	109
391	381
340	166
64	298
300	129
529	264
238	336
297	117
141	434
290	531
286	397
340	258
384	374
417	372
502	300
557	410
474	141
373	378
359	289
130	249
307	400
284	157
288	127
338	155
193	315
377	330
293	235
251	248
194	503
401	516
337	381
360	261
285	485
211	425
328	39
494	466
349	250
315	280
46	212
234	434
201	221
78	218
397	354
234	104
282	120
213	182
310	369
176	345
270	196
118	109
315	407
400	252
283	427
277	201
391	527
163	155
272	398
202	454
427	387
384	54
385	384
129	297
418	176
301	421
297	355
270	110
296	247
278	292
356	247
166	483
336	161
288	412
255	377
213	181
282	165
186	339
312	505
351	174
321	345
327	221
505	370
341	352
411	390
303	160
295	121
469	479
220	448
326	119
315	100
373	390
268	358
290	76
436	246
81	440
224	273
293	109
381	103
112	444
457	336
276	93
446	297
304	262
321	57
272	570
295	99
177	490
270	273
508	480
319	207
270	256
190	39
320	163
462	487
403	254
528	365
299	456
490	394
238	154
306	332
544	295
261	239
192	165
181	201
387	316
321	28
340	364
360	464
243	233
395	296
346	197
268	495
434	371
327	558
285	241
96	132
245	395
125	300
296	187
150	164
416	240
326	538
314	495
312	538
311	133
98	269
300	421
404	108
302	160
332	507
257	407
330	407
300	440
299	579
376	477
463	212
316	243
347	343
298	519
327	197
180	96
452	284
300	178
119	378
107	300
303	349
300	453
215	406
276	43
111	271
330	196
349	497
324	124
222	475
363	462
197	296
231	269
273	434
381	306
166	301
257	469
48	241
257	319
298	128
349	482
232	538
284	400
497	252
309	216
330	300
354	141
345	449
304	419
506	355
393	310
132	185
292	154
327	234
363	487
360	196
371	580
328	208
312	570
291	374
509	174
298	320
222	331
340	20
283	387
240	271
286	86
455	505
239	416
524	235
313	474
299	11
302	44
374	426
304	133
336	318
235	17
366	355
180	66
452	371
118	142
409	484
293	242
320	388
300	125
45	366
335	243
341	371
358	231
373	472
322	373
472	483
258	270
296	390
218	133
194	189
523	419
127	339
511	296
300	415
309	551
300	144
296	34
359	569
339	383
203	276
372	530
340	72
154	98
317	239
306	238
341	468
288	78
286	432
404	393
149	155
394	178
414	448
259	295
312	131
107	94
83	443
254	301
237	445
279	425
340	152
453	501
377	35
343	327
331	142
152	244
203	271
291	255
133	163
473	451
274	10
285	278
224	271
122	88
317	540
317	210
277	387
307	461
163	305
212	174
255	360
105	400
310	174
211	314
367	172
337	166
320	151
304	404
207	239
500	247
307	49
325	287
283	94
464	344
295	430
392	510
345	316
274	154
338	456
138	272
349	401
361	225
434	394
445	295
305	105
307	339
245	40
327	478
147	271
515	339
323	222
291	443
314	152
293	508
509	104
281	347
193	382
370	368
241	133
376	540
161	176
250	31
374	360
430	174
195	466
284	479
397	85
287	451
232	348
311	557
387	254
353	111
308	130
397	330
435	300
292	390
289	481
171	414
157	394
569	286
282	278
318	262
276	171
563	325
315	11
140	292
401	349
154	453
420	393
283	119
287	178
315	201
247	469
138	243
416	226
227	322
278	341
396	373
110	501
429	202
397	474
292	471
489	143
104	229
303	133
404	459
260	262
274	470
237	389
293	487
346	89
319	339
234	410
329	155
153	220
409	327
333	504
179	260
305	21
334	286
452	61
252	84
497	206
308	410
353	589
313	17
352	83
387	312
230	304
310	207
272	26
230	475
170	446
298	392
418	241
364	395
285	21
314	273
88	297
136	469
344	106
279	300
486	358
394	509
360	453
303	390
373	358
264	41
301	40
144	310
379	319
260	406
207	289
318	282
200	267
300	182
319	410
338	418
217	164
313	39
257	199
310	96
275	192
285	59
314	489
269	8
185	500
405	69
319	303
249	410
305	474
247	235
73	322
195	491
410	364
310	346
197	105
249	285
356	249
290	123
538	185
303	273
290	511
350	451
546	268
115	184
431	417
332	353
209	258
242	206
371	446
317	333
216	126
161	553
221	136
339	126
336	264
232	547
263	189
194	290
336	382
305	447
444	498
397	459
340	363
326	256
457	181
188	534
415	407
461	276
300	519
359	441
397	421
290	128
429	284
120	323
280	243
391	234
307	556
315	504
414	432
202	323
262	366
456	502
389	429
191	496
208	391
310	179
240	232
390	225
258	299
297	60
178	108
375	249
421	537
457	170
143	398
330	534
422	356
520	277
501	251
333	473
406	377
396	351
202	72
341	258
140	266
383	170
348	349
133	446
467	252
322	315
195	64
91	255
151	210
187	63
279	391
376	448
143	361
203	103
309	280
323	316
426	415
315	340
385	122
389	302
445	263
407	258
419	426
346	411
330	342
295	130
294	266
335	388
377	301
245	270
336	287
264	113
271	450
427	98
237	248
192	300
439	61
333	155
284	277
338	562
378	79
375	222
282	114
194	35
316	182
154	446
524	140
299	248
89	256
307	541
145	194
521	400
104	362
456	173
307	70
396	96
301	430
153	375
321	297
231	468
370	337
216	355
316	178
296	401
156	284
238	260
165	293
339	384
77	336
456	242
304	11
303	494
310	583
235	71
327	416
370	473
408	62
266	566
219	220
442	206
414	184
198	219
553	328
489	354
303	69
310	389
493	460
355	98
446	199
301	248
263	411
173	108
297	369
469	474
330	57
257	434
262	145
171	538
314	171
500	176
488	387
298	217
352	256
330	149
408	212
166	371
193	417
218	319
351	396
437	281
116	293
339	487
411	194
317	284
188	453
402	254
264	263
282	144
351	345
237	149
302	240
283	215
342	386
231	377
262	21
367	125
304	186
319	410
503	181
279	28
338	265
278	381
309	231
260	31
431	470
311	13
416	335
190	173
161	225
353	383
349	183
365	142
293	434
328	468
287	45
480	416
258	284
116	378
131	253
277	153
298	479
300	71
306	301
302	542
291	234
368	366
289	222
348	423
326	120
327	393
493	290
140	124
111	129
259	271
117	219
365	471
341	339
320	73
468	436
253	84
231	254
362	111
328	520
389	397
300	261
26	293
451	223
398	103
425	397
291	376
353	455
455	439
302	426
372	121
303	164
282	525
141	455
482	412
300	545
177	317
428	391
116	300
359	247
194	384
195	488
256	174
242	407
420	322
406	481
300	258
307	332
201	219
433	248
355	480
236	338
231	160
189	193
265	155
282	190
300	98
35	288
312	482
319	141
309	531
137	314
346	167
393	271
300	569
139	297
263	477
270	219
300	224
261	393
398	96
374	257
575	258
145	463
319	46
465	371
76	394
474	446
290	284
449	292
270	244
528	293
302	86
300	453
369	378
299	201
296	352
178	335
174	300
311	88
444	350
297	406
243	191
421	166
343	298
228	242
234	350
290	539
272	279
85	334
242	346
432	94
257	490
302	90
285	465
302	320
295	116
436	185
179	552
235	270
310	585
258	127
341	96
296	311
335	227
415	261
322	559
307	165
264	326
434	387
305	32
92	265
180	355
271	298
275	275
178	362
310	420
371	34
287	49
301	309
425	150
265	319
378	399
313	215
278	254
260	115
205	262
270	473
391	295
186	44
128	315
451	312
300	408
456	424
373	399
194	334
102	353
225	440
330	390
425	73
319	212
341	241
369	132
238	561
224	211
297	238
200	271
306	92
265	315
547	251
313	13
319	328
334	227
531	175
284	533
296	231
427	523
318	472
294	374
197	34
298	149
420	243
351	414
241	167
208	485
353	55
494	291
305	574
69	169
292	426
322	468
119	300
130	448
566	277
353	291
216	275
330	547
352	289
448	324
287	579
258	558
306	91
291	451
152	339
354	248
257	173
453	138
324	311
380	395
142	204
253	215
123	233
296	256
367	136
329	491
390	86
300	482
395	142
384	209
303	512
203	115
251	250
450	330
270	20
372	46
300	489
194	295
405	294
226	128
462	363
333	556
470	316
282	318
337	212
295	499
166	470
155	300
236	380
292	153
335	376
102	104
341	261
159	214
362	218
509	259
311	352
272	535
510	299
126	334
326	255
273	183
301	60
241	428
294	74
307	504
324	347
424	123
224	510
339	396
298	485
173	120
359	457
257	327
183	271
238	207
299	165
136	220
277	55
356	266
95	277
119	501
249	364
415	59
450	191
288	480
267	148
169	501
231	200
296	134
293	295
187	551
485	261
392	278
284	370
253	198
441	288
527	233
343	69
347	286
422	329
234	245
296	265
286	298
307	302
379	72
333	340
319	234
296	486
300	519
331	142
277	504
204	425
118	429
238	264
356	492
296	180
63	355
218	441
312	495
405	359
228	295
203	229
283	553
351	503
291	359
352	378
222	62
373	180
226	525
80	119
381	278
145	371
299	539
229	231
273	135
296	452
304	35
303	108
440	337
337	406
228	368
262	329
198	266
321	326
209	179
296	541
300	445
247	501
205	373
418	235
289	377
467	82
250	534
454	458
294	340
166	440
341	199
363	288
193	264
292	48
174	369
434	99
245	329
365	183
288	150
509	184
311	274
424	337
300	443
324	261
341	537
253	160
293	139
305	594
317	209
211	481
248	237
220	291
231	27
295	411
498	281
293	284
170	280
155	318
305	323
300	391
220	440
342	171
426	339
194	165
300	591
352	61
284	311
268	560
502	276
176	135
340	371
459	408
280	83
318	170
226	561
316	416
224	179
194	310
311	588
293	173
328	94
340	468
360	559
280	187
331	364
366	319
351	400
214	232
274	407
399	308
346	307
195	387
332	326
262	495
279	300
224	383
398	303
441	405
371	438
392	324
487	269
411	209
349	500
449	93
370	179
153	315
204	242
319	198
147	111
128	432
188	539
425	293
233	400
461	363
517	278
271	76
273	556
252	257
221	172
348	237
129	170
478	278
307	345
327	69
504	486
413	337
396	365
139	252
232	146
260	263
262	25
106	314
240	399
262	390
278	528
404	448
339	485
209	515
139	284
219	359
83	178
319	457
287	565
392	339
179	314
178	187
258	515
129	174
82	437
115	513
153	300
249	319
433	444
309	288
337	386
281	87
195	487
112	244
339	31
313	310
154	311
440	478
124	460
320	127
459	302
65	149
289	472
302	538
328	330
298	555
308	286
378	343
173	480
262	446
258	558
328	328
158	60
359	431
234	231
201	417
292	85
33	300
147	161
88	181
303	116
257	144
199	49
410	225
349	290
411	436
324	23
272	39
291	418
365	294
486	273
333	294
353	133
98	451
290	100
457	325
312	494
471	276
322	369
259	484
260	393
436	273
317	339
314	353
423	459
397	222
227	191
197	409
431	285
228	47
336	299
357	110
300	239
321	268
318	318
384	166
357	364
347	526
394	578
300	429
305	352
110	405
269	588
359	366
227	164
230	526
481	294
320	109
223	310
213	500
64	295
351	256
295	253
308	143
335	379
294	406
322	223
164	291
511	209
366	189
380	108
341	385
309	412
292	494
314	413
418	220
302	320
297	64
338	171
418	306
351	481
352	441
302	397
199	257
327	388
147	511
350	319
185	493
508	417
300	583
378	377
156	373
401	388
207	546
203	281
185	373
355	145
224	404
336	445
287	575
320	194
266	312
248	434
325	54
189	453
333	363
541	320
555	336
557	373
293	577
308	576
285	148
312	510
211	504
38	413
250	242
203	428
437	426
250	230
307	174
300	123
280	368
370	347
127	334
352	538
189	354
285	211
249	371
32	352
257	277
263	24
273	339
358	382
357	170
256	480
486	294
251	57
462	146
326	593
468	92
305	208
286	480
187	184
587	281
334	148
322	425
463	437
249	268
341	351
299	362
172	375
308	355
397	309
146	143
184	375
300	180
370	133
369	415
91	229
296	62
346	455
304	14
383	272
116	130
559	317
185	193
239	201
399	368
271	113
486	366
347	501
384	553
357	149
320	141
300	356
265	390
332	309
418	121
435	107
299	287
300	102
448	291
518	219
336	451
309	131
184	420
306	54
307	328
242	421
279	517
297	62
456	349
297	466
305	271
372	286
224	145
331	180
301	71
254	222
203	360
286	385
461	80
407	503
254	180
214	524
123	215
307	523
376	134
338	272
225	119
148	234
254	255
383	445
321	404
433	340
121	280
320	136
295	459
502	160
398	416
357	454
210	411
131	435
424	288
460	406
289	167
247	75
319	311
91	257
309	392
311	381
381	170
277	388
316	585
193	216
309	381
286	344
464	156
447	394
312	354
290	163
327	588
366	268
288	390
161	198
308	305
145	161
487	300
262	398
304	291
302	469
91	378
150	484
373	317
293	332
399	203
188	284
302	49
293	534
357	238
360	227
214	395
293	259
382	406
254	270
206	305
235	208
192	167
139	199
323	134
158	247
493	373
430	256
217	317
309	184
277	528
347	200
457	338
472	205
192	227
184	196
467	273
153	215
296	244
193	260
358	275
255	377
190	160
417	204
228	119
93	295
274	372
463	499
299	362
188	98
203	434
515	323
376	426
360	337
288	262
313	165
300	217
311	27
238	515
298	81
297	264
190	383
308	137
290	205
286	17
312	543
518	404
570	423
311	68
400	195
342	82
216	228
306	467
358	341
328	17
312	394
512	191
511	433
293	306
138	189
283	285
481	493
493	394
285	408
255	28
225	59
367	53
250	478
243	333
368	185
296	345
156	498
306	294
273	319
325	429
289	522
305	499
268	303
271	480
327	403
371	340
210	54
302	213
315	206
324	198
370	138
266	136
367	325
286	60
488	229
353	393
311	76
401	54
317	4
389	151
26	272
360	109
168	188
297	165
164	202
262	364
300	391
288	296
381	311
373	64
334	419
390	236
405	430
325	542
426	453
489	297
170	173
339	116
425	218
356	260
227	116
126	508
391	167
379	281
550	417
348	537
428	487
531	330
253	481
202	116
350	517
457	422
380	326
395	543
229	155
316	451
570	277
258	132
308	177
371	226
113	327
235	144
172	378
321	39
330	273
247	136
363	217
329	232
432	243
343	232
285	300
183	326
310	434
433	458
287	191
107	312
338	218
300	337
367	98
221	99
124	242
281	586
307	407
314	394
388	387
304	530
317	573
261	118
301	269
254	186
364	254
413	180
483	160
198	274
260	97
374	237
374	184
300	304
361	161
580	257
110	354
300	493
291	501
151	220
296	224
301	237
472	317
488	298
229	465
324	351
298	190
465	353
323	442
166	207
300	125
146	450
409	236
312	69
315	90
299	27
407	147
296	160
264	32
235	323
385	226
231	464
529	180
439	168
289	59
405	465
136	232
330	53
274	172
321	554
286	30
271	375
201	189
303	210
430	209
300	247
162	196
398	547
308	212
284	551
344	355
364	399
519	281
252	225
280	245
308	507
218	483
292	360
303	26
300	276
140	421
369	113
370	493
329	168
404	319
400	410
194	288
319	224
431	264
418	335
354	277
445	237
456	317
272	88
402	500
302	494
258	379
158	135
101	399
245	231
287	299
178	222
240	421
225	272
370	40
294	522
416	426
363	235
522	383
58	335
251	344
394	419
353	475
450	533
263	516
326	123
185	231
443	183
310	113
332	488
248	276
241	307
334	355
269	450
461	190
246	461
297	28
292	505
257	194
331	557
308	257
308	18
319	276
291	211
341	271
280	371
419	311
429	345
420	201
335	418
432	268
241	393
377	383
317	394
415	118
369	176
169	246
309	154
225	128
286	540
351	160
291	183
87	213
184	300
323	262
150	281
286	407
338	310
110	317
301	161
195	175
309	300
448	292
360	230
295	94
478	108
192	221
300	453
407	308
295	420
311	496
409	500
399	359
361	260
188	342
302	247
215	300
220	522
407	164
328	263
305	280
300	28
306	89
292	248
138	227
283	341
328	531
201	239
384	311
303	425
384	416
65	152
305	364
458	515
313	547
278	460
274	161
308	243
384	391
311	408
264	478
158	246
266	480
302	415
465	82
487	274
332	199
289	69
300	471
296	525
267	35
285	156
260	129
246	172
213	557
226	278
253	231
45	189
274	309
204	398
527	307
149	187
237	399
354	148
70	265
112	289
151	372
296	443
303	139
312	96
294	175
433	218
255	303
470	250
382	259
418	371
436	59
293	228
296	204
264	400
407	141
403	171
435	323
273	271
334	148
29	290
281	142
97	357
518	178
292	560
421	534
298	438
376	456
379	123
349	541
214	469
365	183
116	185
107	135
147	491
209	242
329	419
322	551
284	314
437	137
336	338
187	490
300	488
300	335
310	193
300	510
423	200
372	106
104	340
434	405
293	447
487	413
73	294
173	181
294	103
288	219
266	312
64	454
292	342
301	406
261	436
270	62
329	113
382	371
298	582
424	437
109	330
461	219
384	463
301	479
320	284
259	237
309	211
201	471
280	579
471	461
307	228
276	272
285	149
471	363
218	378
329	383
327	457
209	260
345	504
153	413
438	392
332	451
39	352
218	187
57	304
299	219
291	183
278	16
317	548
314	181
151	392
305	458
330	132
380	131
326	378
217	470
145	279
375	246
156	135
362	305
383	200
283	288
194	252
380	571
324	356
550	272
273	470
260	443
246	508
361	145
175	351
369	378
167	340
299	298
204	452
320	133
238	83
357	397
443	240
533	332
168	385
247	395
308	295
291	385
268	331
403	41
299	223
298	191
475	399
258	477
300	430
269	574
230	355
264	171
325	464
350	448
307	55
161	162
305	301
15	282
278	556
384	441
290	31
316	249
189	176
301	321
254	573
301	596
268	516
313	408
282	110
319	44
530	208
313	527
258	492
340	408
107	453
345	342
282	46
277	53
167	178
413	119
256	411
385	234
279	41
34	233
490	206
448	306
328	320
112	469
54	388
336	283
154	101
438	142
296	116
248	582
282	77
276	316
289	215
335	535
446	340
474	169
150	313
312	458
271	488
304	244
266	524
274	195
332	89
332	117
299	228
298	413
201	249
261	543
181	300
403	249
503	166
281	471
300	185
334	400
311	339
311	72
283	365
140	404
317	577
306	280
315	395
360	553
457	385
289	497
188	447
86	347
266	142
342	397
310	412
233	462
357	87
306	288
409	322
173	290
469	166
328	100
298	232
136	254
414	348
527	333
276	81
309	378
288	341
462	388
177	85
55	338
325	218
300	378
275	452
238	496
235	378
271	163
367	440
479	160
437	363
483	272
183	205
135	395
333	52
489	222
443	415
327	579
481	315
168	201
359	552
148	445
300	304
508	170
95	147
174	218
421	342
439	372
14	300
92	300
117	189
312	297
358	221
342	480
400	434
218	367
305	101
240	216
137	395
330	374
310	379
235	122
251	173
305	255
277	194
200	486
236	282
320	396
401	317
242	253
326	80
259	282
259	160
325	182
268	293
197	311
470	225
391	573
306	80
142	383
147	215
257	549
232	368
483	337
104	253
305	428
387	135
309	158
287	504
359	432
237	381
492	202
386	485
276	365
399	365
340	413
151	116
205	334
283	493
277	281
418	267
218	300
125	297
335	295
365	193
254	249
350	132
347	410
269	361
174	330
225	289
430	329
335	276
330	115
350	103
440	81
227	424
279	83
347	438
518	194
209	237
300	426
302	408
332	482
185	138
344	302
456	212
468	165
177	383
231	419
348	56
222	313
313	294
223	543
453	304
290	8
305	276
390	461
341	399
325	72
301	71
229	81
249	41
199	370
349	254
296	267
369	164
448	256
295	149
353	140
285	572
68	248
271	501
186	64
218	416
34	332
317	8
324	275
191	184
234	455
429	284
310	195
346	345
278	119
230	71
304	105
277	407
216	343
307	531
318	259
364	228
243	551
300	84
319	317
177	134
88	375
262	385
293	64
293	435
239	176
293	583
232	438
305	213
309	514
325	46
255	307
356	70
267	167
502	351
172	306
350	528
326	166
282	253
261	400
309	273
165	403
75	120
420	299
277	220
272	511
341	326
361	562
253	355
165	468
301	381
287	403
248	252
284	426
386	135
533	279
308	124
289	443
307	259
357	199
344	20
276	297
249	72
137	510
288	172
318	317
188	430
188	500
341	502
390	559
272	147
480	297
183	360
10	281
335	359
353	25
301	202
313	576
255	98
198	134
193	369
128	379
303	477
300	380
365	305
302	87
411	297
391	488
452	60
225	441
257	359
110	182
97	313
89	303
465	274
132	176
84	302
341	408
571	232
420	222
387	115
200	56
244	133
205	228
155	380
225	476
347	78
310	247
302	492
307	397
370	376
269	577
324	358
296	40
326	351
213	272
324	120
52	202
302	166
248	69
168	274
285	41
146	525
323	488
162	219
222	135
286	79
350	392
424	284
264	255
244	377
534	170
133	397
381	476
266	564
322	241
141	449
129	209
186	297
263	270
292	316
178	193
296	299
393	329
324	319
149	365
502	160
481	291
537	333
343	409
486	323
306	8
407	287
371	544
307	125
360	360
537	166
126	250
267	229
179	298
306	384
223	341
340	142
306	331
133	330
228	189
91	147
255	467
292	510
281	62
526	329
214	60
448	119
414	471
277	354
344	143
302	362
193	172
398	330
334	76
235	473
371	204
86	325
253	340
298	36
293	200
319	168
489	396
211	363
324	503
422	182
205	56
348	422
302	123
121	219
298	390
346	491
244	231
213	104
325	198
162	403
338	53
310	94
447	320
351	494
302	158
369	267
377	267
237	414
304	90
185	145
329	580
339	206
301	71
332	80
284	238
301	34
498	289
205	475
259	307
340	185
358	178
357	339
298	31
268	215
549	204
295	588
250	458
319	384
410	250
161	324
304	435
505	131
254	197
325	72
303	106
300	278
170	150
340	67
346	75
271	152
499	497
369	110
433	279
246	336
269	506
416	214
425	224
327	279
160	186
536	185
191	442
313	240
369	131
491	418
255	307
364	191
300	506
298	305
293	138
494	176
194	163
391	437
435	331
315	472
334	352
367	400
273	208
78	300
104	406
224	420
300	588
376	359
253	298
308	109
434	197
179	252
136	215
183	236
278	391
162	115
371	258
81	239
252	249
306	539
412	434
324	181
258	313
358	452
250	467
402	121
166	369
145	445
287	102
287	35
237	383
277	260
423	379
378	354
499	267
315	241
294	420
252	464
386	205
227	312
269	226
323	487
400	307
308	435
248	406
327	585
370	176
209	443
298	122
264	28
208	274
457	411
267	398
311	128
315	95
214	248
95	485
303	527
424	279
319	559
468	251
350	111
328	436
322	149
267	300
235	556
280	374
330	243
300	380
126	400
321	279
413	368
472	206
365	110
48	421
173	397
324	285
300	112
132	111
285	526
458	276
415	338
190	76
419	315
370	254
392	318
253	106
203	234
250	342
239	152
300	454
219	507
303	317
361	141
390	199
266	223
328	391
358	75
395	521
135	389
327	249
300	243
479	187
339	349
372	518
402	543
173	338
263	151
298	163
323	390
115	323
179	300
289	30
213	517
323	31
200	473
228	472
375	95
279	407
293	154
477	383
306	289
41	293
381	375
320	452
462	390
259	309
159	138
308	444
351	47
439	419
113	153
286	477
311	147
313	349
89	265
304	296
309	558
342	226
462	155
271	413
121	348
336	321
300	280
156	200
263	132
380	395
254	346
155	219
209	33
265	421
248	407
377	249
323	499
381	518
380	263
306	258
192	332
389	478
293	277
461	245
298	312
504	287
453	429
374	554
246	194
240	373
300	579
306	207
404	176
273	496
432	398
444	446
232	246
267	321
415	461
113	154
137	379
317	247
431	63
300	22
317	504
321	302
210	103
325	123
273	515
320	218
322	518
80	295
275	134
552	317
343	452
305	471
102	181
296	526
304	151
276	183
279	196
304	227
245	175
219	410
332	351
243	374
325	109
300	464
271	291
294	56
124	314
274	465
248	563
218	450
311	3
330	296
240	200
275	225
231	476
217	335
346	418
294	260
260	176
254	573
349	124
279	120
424	233
353	86
154	84
552	388
354	213
276	158
82	451
422	214
374	337
425	281
276	395
104	366
370	238
225	460
545	334
136	193
199	215
234	348
425	449
313	518
300	486
324	286
369	122
259	57
500	129
114	262
300	84
450	297
476	413
370	425
543	348
314	8
505	208
298	192
283	484
419	365
308	101
77	377
493	249
187	380
151	317
188	243
225	105
242	15
181	296
322	310
489	223
196	298
239	491
90	380
217	252
340	417
198	395
535	414
92	295
282	497
312	533
485	213
298	341
262	458
301	370
33	341
285	181
309	79
124	288
288	398
265	475
419	361
345	220
287	47
295	309
182	330
287	581
447	453
221	411
283	29
236	487
361	297
312	193
451	253
272	167
296	125
436	319
126	96
274	163
466	218
329	397
319	368
321	86
296	96
280	155
45	266
371	164
170	303
182	240
236	131
416	515
395	380
352	31
187	242
168	173
437	522
122	230
439	122
403	392
218	535
318	505
306	386
338	100
369	479
327	396
199	449
297	434
316	504
357	222
247	483
316	177
373	118
366	483
400	272
421	274
241	369
299	434
316	223
268	532
371	122
421	451
313	50
366	166
345	391
254	524
328	236
108	136
214	249
274	291
287	253
262	167
167	348
287	235
281	424
455	384
259	489
391	109
298	156
294	453
310	45
171	345
264	174
214	131
383	52
371	297
315	352
250	200
174	327
292	189
392	418
438	357
445	341
344	455
84	149
250	433
297	438
309	272
413	555
410	279
300	471
354	562
500	326
30	287
417	274
169	316
149	228
145	212
510	225
169	360
219	287
273	319
367	460
474	302
250	245
264	301
261	434
293	478
353	436
312	453
503	270
437	264
134	376
260	76
240	246
312	14
284	403
301	214
298	28
316	16
288	185
116	242
467	344
450	264
299	354
205	344
233	435
316	237
215	418
165	125
318	501
184	301
203	453
349	394
309	156
53	361
429	290
247	481
369	180
324	304
232	276
426	414
349	267
326	582
203	390
300	390
442	494
249	76
312	170
207	123
217	385
516	187
203	37
165	315
243	26
319	221
345	230
399	385
322	531
484	399
320	324
244	177
321	278
324	470
340	240
306	268
271	393
402	267
283	161
301	500
246	332
406	558
309	150
324	512
305	226
331	549
457	431
271	292
291	98
305	252
349	436
132	216
538	248
114	225
436	349
144	345
291	201
385	356
215	334
98	228
63	165
313	14
269	257
454	256
335	37
327	34
294	419
233	425
435	376
255	104
481	217
414	288
336	557
292	35
252	260
295	313
304	95
328	445
357	56
266	114
334	377
281	94
299	204
178	424
296	338
456	205
239	508
512	412
371	422
254	428
391	112
107	276
131	300
322	422
145	299
280	304
350	449
465	391
439	195
296	257
134	155
256	157
325	308
376	432
269	482
446	333
379	277
188	347
302	337
147	337
152	325
278	116
427	227
341	479
284	484
290	373
506	390
410	426
322	506
256	301
436	223
392	558
419	287
351	183
489	468
78	156
347	211
300	334
349	378
513	298
249	353
306	434
309	72
388	260
197	296
124	300
261	438
181	381
362	337
120	122
178	218
283	520
287	459
334	450
327	446
363	163
271	262
404	154
322	384
386	277
271	375
218	379
350	399
309	86
316	77
278	116
275	228
304	209
241	103
273	300
300	412
132	229
300	539
490	269
339	491
98	399
352	358
345	528
291	589
255	585
281	106
384	296
297	238
103	176
304	82
416	458
235	201
89	118
313	359
327	394
302	390
406	375
254	150
317	414
445	298
300	300
311	489
269	299
290	341
346	440
384	372
357	529
328	429
82	252
297	463
284	469
360	422
165	310
265	404
289	260
281	220
216	41
565	279
289	151
410	357
341	328
287	460
165	194
168	165
507	175
319	474
280	34
436	243
339	465
400	116
240	62
85	309
286	589
311	342
410	174
318	176
344	119
361	224
300	267
262	331
329	165
347	252
481	261
107	207
252	397
299	57
236	142
306	227
254	266
357	80
209	332
91	115
345	154
261	362
241	385
306	558
229	507
268	378
309	306
138	486
284	406
324	429
215	355
285	252
243	52
332	240
262	332
268	412
238	346
301	115
338	478
501	344
424	407
394	453
303	221
254	367
292	140
531	403
316	451
310	535
308	43
237	287
296	428
429	58
418	117
276	310
350	205
281	215
267	232
323	423
336	175
277	5
211	39
512	231
331	374
420	417
209	79
517	381
338	422
298	114
384	419
363	385
140	361
313	171
286	471
247	236
90	136
324	300
287	516
322	109
128	275
261	302
333	395
270	325
273	434
310	396
255	177
282	230
395	563
490	470
332	353
322	439
271	190
271	160
316	534
207	315
394	243
222	521
293	486
364	209
227	458
368	401
281	443
319	375
407	390
289	282
166	262
243	503
303	164
369	94
395	214
278	271
287	62
300	101
267	480
267	586
189	356
411	301
424	540
238	315
125	300
355	132
318	304
319	399
346	22
296	552
451	298
354	398
311	279
229	306
159	298
304	20
309	327
388	485
456	163
356	45
301	364
327	460
430	396
270	61
282	164
362	163
190	339
300	494
282	430
64	250
291	550
345	156
176	312
302	144
383	406
423	79
275	43
267	185
350	487
268	213
310	559
317	431
241	349
382	120
235	307
323	538
311	512
482	463
306	19
321	311
536	306
324	160
122	180
463	213
267	193
337	188
456	282
247	97
308	560
191	340
175	454
355	240
298	265
128	315
113	88
276	360
248	134
309	71
371	258
388	393
385	226
376	227
296	109
325	391
496	301
346	478
197	521
300	274
327	459
286	302
146	150
423	320
193	535
301	501
157	261
301	531
283	477
335	375
197	198
50	266
131	412
335	491
300	583
320	216
362	234
411	216
300	228
297	354
466	114
343	421
253	538
269	398
319	153
292	329
444	445
204	442
403	495
296	537
296	253
231	202
300	34
146	406
467	252
108	212
274	365
350	47
136	342
319	423
51	313
524	357
327	415
362	487
266	166
350	587
76	254
254	486
482	435
371	342
287	539
169	129
452	124
332	510
295	525
337	442
482	396
368	498
229	228
252	568
425	271
191	295
309	316
299	348
506	399
301	220
131	103
282	271
378	479
190	208
352	283
573	303
182	474
248	211
291	271
222	386
534	200
300	387
171	436
189	451
475	122
292	244
384	539
241	377
208	294
262	525
546	164
343	566
432	418
292	136
415	279
284	226
262	441
194	550
293	145
382	521
339	23
274	373
51	394
176	343
357	114
388	521
260	306
370	154
354	531
308	34
291	368
267	323
309	83
310	433
266	308
366	425
207	218
416	390
195	252
75	280
48	206
388	519
285	564
179	394
307	227
254	232
363	97
299	2
328	414
433	440
490	452
309	79
375	194
502	255
441	491
309	301
295	403
407	242
441	158
196	104
67	269
76	259
240	233
337	442
271	453
216	352
161	192
333	406
481	237
297	362
179	282
479	499
327	247
338	326
134	393
58	353
244	89
300	243
261	320
167	256
259	9
164	152
351	388
303	397
401	203
175	101
398	174
453	389
381	49
327	363
467	453
339	528
329	247
284	344
344	342
310	165
334	501
317	238
417	471
336	212
314	128
225	443
326	156
226	243
210	50
330	193
362	198
73	445
150	153
288	372
155	168
270	354
343	276
300	562