592	279
372	302
574	169
239	310
226	418
282	102
23	205
51	263
298	261
543	511
558	19
383	86
487	172
219	294
539	406
88	319
540	80
502	349
75	84
245	223
462	265
117	372
202	441
332	443
324	563
105	55
545	430
592	469
189	388
159	268
160	398
197	0
541	465
82	19
324	261
346	265
583	582
139	190
250	185
197	558
563	325
177	352
561	459
178	120
537	227
577	480
148	380
348	586
292	192
590	572
413	58
306	177
168	517
385	456
187	234
571	323
284	533
570	342
36	37
49	418
305	246
164	349
475	229
266	392
400	271
20	349
322	414
313	426
270	65
394	407
481	591
329	183
587	96
455	102
429	344
394	488
598	209
205	474
425	476
377	255
154	331
514	393
552	326
500	370
485	336
84	53
127	229
283	318
467	138
13	443
456	9
552	190
230	520
96	24
290	349
279	307
305	8
146	131
145	157
286	595
503	332
369	112
499	479
86	276
569	183
168	257
560	108
239	303
501	7
105	188
546	573
295	39
127	202
160	401
562	295
476	545
467	227
350	163
376	81
540	212
120	595
131	44
363	363
164	488
358	106
123	115
181	511
558	368
456	157
178	479
272	193
312	521
411	263
415	338
18	216
556	27
316	586
132	352
20	156
186	228
270	180
531	407
79	512
406	314
297	245
546	223
213	263
496	383
379	149
0	353
517	56
223	356
371	16
581	522
391	43
493	57
360	235
213	590
276	307
485	336
262	30
197	303
543	451
63	335
544	17
316	165
22	291
507	12
422	345
347	556
128	403
89	504
473	42
157	363
144	28
359	351
514	51
15	289
264	164
10	316
62	175
40	368
263	328
554	263
12	560
10	300
427	480
123	240
188	276
423	306
287	488
142	426
105	506
220	507
262	323
204	171
160	547
168	520
501	552
411	120
206	243
477	541
140	343
117	579
374	342
46	520
205	50
288	527
336	373
31	216
595	574
577	287
106	81
464	56
12	33
527	332
299	484
170	115
207	419
246	534
282	149
407	431
342	143
480	536
315	498
21	316
429	384
93	134
201	292
259	28
488	286
340	159
557	272
475	442
248	417
599	141
341	267
590	117
542	450
259	73
477	163
498	443
230	374
125	497
257	258
423	96
413	308
165	412
496	84
381	206
171	332
462	363
34	5
487	164
34	591
83	391
394	293
258	26
564	451
532	103
549	166
326	328
64	390
214	88
1	506
203	572
148	216
374	580
30	47
117	26
172	275
566	62
136	60
41	435
482	180
358	90
58	555
245	513
203	409
468	7
163	599
19	399
144	234
595	62
37	525
485	378
273	521
384	402
176	244
42	548
267	588
231	263
531	6
351	13
251	376
274	332
579	247
71	338
169	557
170	555
122	138
299	473
198	374
571	134
105	249
186	352
597	79
276	409
429	243
194	170
493	575
500	116
317	93
500	219
52	222
22	80
161	268
19	177
117	477
237	431
532	503
597	259
523	226
288	237
51	167
104	59
467	259
262	571
532	423
582	533
157	128
427	520
327	494
281	72
147	491
521	352
240	481
279	25
89	448
511	223
290	388
406	156
282	583
117	60
596	480
144	357
585	407
549	584
432	139
408	544
205	466
259	118
543	461
11	159
74	302
582	395
317	479
256	234
183	248
116	372
203	411
0	93
578	384
49	164
247	576
317	119
117	81
352	365
29	549
534	247
308	399
24	356
505	555
73	519
572	177
24	447
106	326
40	99
341	142
522	592
585	170
340	440
545	153
331	336
431	527
212	583
362	7
369	310
554	6
399	321
399	550
315	168
199	107
469	50
231	406
404	119
553	11
177	103
115	281
240	276
296	589
25	578
432	323
365	327
291	35
556	306
546	92
123	276
486	255
426	581
306	259
340	541
163	560
320	25
385	226
12	85
565	540
97	4
170	446
361	393
352	101
237	592
435	38
411	407
522	70
557	259
484	233
445	376
277	13
204	472
581	34
138	87
346	280
263	561
476	581
296	264
382	434
189	438
373	121
104	20
456	525
384	333
79	589
171	154
201	582
34	570
581	588
566	213
18	461
488	317
138	155
494	66
345	28
74	105
427	184
196	264
99	526
352	240
393	202
346	559
363	15
142	370
564	493
84	491
481	215
360	45
312	348
576	121
116	576
326	571
147	311
365	166
592	557
145	249
124	21
599	85
344	252
395	163
125	104
257	303
436	122
379	251
482	93
73	585
555	339
94	554
240	195
455	52
291	480
118	178
430	193
589	30
35	80
375	580
318	330
272	243
487	34
292	181
436	538
205	312
67	271
70	592
221	447
524	419
550	90
357	329
473	586
472	206
361	297
28	46
554	534
189	108
477	91
264	46
34	333
120	232
480	121
505	339
48	528
562	418
48	398
336	281
571	237
229	523
317	497
535	134
445	352
540	373
523	8
372	178
128	276
87	301
13	77
525	62
284	537
20	115
27	474
372	110
503	309
167	383
132	366
28	449
146	77
234	459
308	191
425	229
491	179
453	509
263	262
108	397
213	350
406	131
443	544
573	509
392	359
354	430
434	66
254	34
423	336
410	34
317	162
590	212
341	397
254	266
441	306
579	277
503	156
45	597
541	414
126	232
356	54
458	270
546	266
587	340
103	197
352	389
65	542
69	17
371	534
198	208
64	108
214	344
341	174
564	543
109	438
340	109
150	199
524	368
200	274
597	30
326	177
201	89
589	479
228	258
377	547
146	413
191	367
312	348
325	457
127	58
534	133
259	255
402	253
211	83
353	542
464	289
432	152
376	305
372	217
196	282
292	287
549	482
43	257
78	427
146	96
51	365
333	415
7	170
284	20
211	425
97	450
250	370
561	396
41	539
331	488
308	181
566	390
564	110
192	28
308	475
8	360
379	42
221	184
428	234
79	481
80	511
347	498
350	502
485	468
328	489
438	336
63	159
204	405
553	243
73	245
6	143
171	555
67	390
74	556
421	579
129	575
359	217
196	25
71	63
184	361
66	583
0	205
280	188
3	456
170	486
10	448
296	564
439	16
55	108
466	455
279	121
77	354
131	306
287	45
250	451
30	257
466	243
589	459
324	441
189	105
434	147
80	362
557	324
424	48
372	201
142	580
150	105
599	271
448	447
345	505
155	389
355	64
596	566
562	37
463	496
560	510
374	381
134	364
18	317
539	322
85	313
53	81
262	70
467	337
195	35
45	304
173	585
67	376
325	23
587	265
421	175
374	563
377	425
538	413
467	521
434	263
558	527
432	544
579	28
317	221
87	140
224	599
6	588
570	280
464	168
267	209
393	57
397	27
455	570
293	88
268	222
10	581
355	496
550	295
312	151
489	62
232	531
477	18
408	432
61	249
553	454
454	403
200	418
599	58
460	141
541	313
193	463
311	367
449	104
577	312
218	91
171	33
491	383
409	486
480	451
350	113
364	173
177	489
38	103
298	437
117	598
150	475
21	232
557	218
555	434
197	560
237	588
72	57
514	322
376	141
513	591
442	68
454	536
104	352
127	514
409	15
261	105
315	116
397	78
217	521
558	275
503	531
85	471
434	178
499	81
205	404
385	386
445	125
410	444
310	76
182	297
503	477
192	569
265	254
397	363
229	177
492	503
82	541
485	598
494	345
90	215
372	70
338	311
60	336
516	188
240	505
225	574
50	570
578	291
67	391
169	213
358	85
443	377
123	418
338	591
24	73
449	369
122	185
545	587
505	362
57	253
481	219
362	95
229	458
424	202
502	505
172	463
41	9
262	62
30	366
96	101
20	447
518	99
67	512
426	192
513	582
132	227
566	246
566	375
579	82
501	387
517	425
195	189
488	458
298	546
358	421
475	172
367	350
140	49
594	494
120	356
497	560
177	490
138	429
64	186
218	189
285	162
69	323
514	323
504	195
41	240
440	410
359	288
451	306
0	142
99	33
457	457
179	93
484	493
410	102
286	69
589	584
157	186
585	467
141	245
510	217
42	549
495	427
199	270
421	328
197	70
179	67
311	61
205	544
370	417
274	404
402	570
432	134
496	128
510	525
215	224
28	359
182	133
87	458
120	49
322	467
431	231
510	354
391	171
561	54
358	537
108	458
401	207
543	515
562	160
287	421
158	14
112	321
522	163
549	245
390	196
468	112
66	243
103	232
541	143
581	106
156	346
79	285
335	519
190	540
311	302
353	22
4	229
308	564
267	180
109	590
573	373
328	114
10	543
235	538
324	238
347	297
193	392
501	33
0	374
177	388
588	21
296	150
30	296
150	235
36	516
42	490
592	391
419	325
484	254
381	172
433	178
105	429
103	126
586	403
7	288
68	128
212	1
39	223
559	451
25	307
50	134
73	21
452	151
159	590
475	453
338	242
112	393
386	309
220	25
147	565
577	481
155	315
443	176
170	399
13	506
344	351
504	503
389	595
261	263
362	144
164	192
85	72
229	318
121	546
116	45
548	548
562	198
26	153
382	340
342	320
90	417
33	27
26	498
523	280
583	540
494	56
25	586
435	185
396	476
316	179
249	77
296	59
6	529
245	383
408	465
391	375
155	173
551	540
524	357
295	472
486	387
65	249
88	440
247	155
536	34
30	241
569	382
4	408
40	576
528	416
301	205
216	560
180	217
301	237
186	137
596	103
453	511
406	432
589	598
302	529
455	457
162	162
416	356
19	302
149	382
159	409
393	138
454	399
9	513
329	3
113	77
222	288
153	564
336	39
66	183
348	406
67	22
126	113
176	194
330	304
73	103
390	189
113	556
356	72
333	289
582	353
484	291
426	49
142	22
381	77
221	56
116	567
256	118
557	355
151	437
508	388
200	447
345	449
56	113
439	55
277	557
184	235
536	32
467	404
536	105
304	307
449	269
298	385
12	380
35	275
256	497
494	348
118	91
333	463
394	379
58	456
501	137
355	150
151	143
142	14
322	42
108	63
90	185
499	38
433	107
492	398
455	33
491	205
374	429
252	518
123	30
130	166
553	41
458	461
175	414
551	540
498	412
503	133
165	545
395	467
12	281
172	591
65	162
360	116
453	499
51	399
136	303
154	575
356	410
235	117
388	374
153	72
554	402
372	384
509	536
125	228
57	418
222	2
393	184
248	83
575	80
350	225
140	298
303	525
539	119
209	33
88	110
9	71
551	426
127	268
62	540
333	37
452	432
248	580
147	334
80	423
504	128
42	245
500	539
252	285
587	276
544	582
361	104
106	517
556	199
556	190
541	351
593	514
144	241
149	592
35	33
99	412
108	279
473	321
218	205
326	388
405	213
268	470
442	41
569	126
287	550
247	169
269	429
538	310
154	63
65	251
486	253
534	69
318	33
545	360
364	221
297	452
296	382
489	8
567	308
161	277
546	273
467	529
354	99
214	599
406	120
441	8
487	597
253	456
115	115
356	463
405	143
472	434
446	68
139	341
205	198
414	560
354	214
326	459
256	445
153	343
96	471
279	467
330	190
227	400
447	24
399	361
362	566
527	434
277	409
407	276
103	403
62	530
323	263
171	211
508	479
102	268
220	104
544	73
404	580
68	552
77	83
159	483
110	455
539	88
559	171
143	190
401	366
531	470
64	66
174	324
577	52
138	176
37	431
40	461
80	450
557	318
315	554
262	80
301	589
424	0
336	93
168	561
56	428
297	489
422	90
228	122
531	177
281	104
560	353
371	316
330	149
522	556
323	192
482	372
43	277
441	397
470	171
534	176
126	129
405	456
105	75
191	353
102	449
590	81
9	57
565	281
518	176
454	567
218	210
438	164
125	291
187	277
35	473
501	0
498	353
42	109
349	226
564	550
431	337
13	221
452	522
507	456
513	136
46	147
188	194
101	75
126	59
553	578
588	139
18	132
189	367
285	493
510	193
223	469
585	365
267	321
412	154
511	566
390	89
205	228
260	566
213	278
162	48
144	338
597	22
167	225
204	383
337	532
543	142
476	448
48	353
275	448
463	444
254	222
305	239
128	270
520	409
425	63
53	182
179	431
322	300
49	482
580	191
307	286
398	372
159	582
577	576
482	224
183	237
524	477
503	205
322	469
546	38
276	373
500	371
174	86
174	579
309	467
569	57
367	263
581	415
532	120
39	559
516	196
240	287
110	150
146	336
520	53
151	227
444	290
170	209
519	99
134	278
525	217
509	313
240	354
176	267
304	348
558	393
148	167
416	167
78	398
177	451
501	474
474	332
468	554
379	381
40	306
174	553
6	23
446	564
3	61
221	292
101	453
306	395
494	263
529	418
258	520
5	275
358	471
481	523
312	337
164	218
309	159
250	345
349	498
287	262
379	515
198	175
280	256
32	289
400	182
561	147
460	288
428	116
6	562
414	70
428	44
328	429
219	326
206	472
492	565
596	563
564	279
392	286
318	344
355	326
427	370
530	126
402	386
25	562
2	453
326	319
379	63
75	538
477	315
341	596
353	52
442	62
556	398
487	495
105	498
535	319
421	5
416	527
22	556
32	584
301	237
325	92
67	557
529	4
16	498
132	127
486	588
156	188
236	325
503	101
159	345
257	280
146	52
193	515
238	295
445	162
428	407
222	472
295	2
95	304
392	302
535	119
441	192
78	441
178	94
379	116
50	290
300	172
277	155
143	276
556	441
397	262
171	597
199	39
395	347
592	282
88	37
530	183
589	261
196	184
402	230
201	448
408	223
20	48
267	214
447	504
518	285
523	230
197	508
410	478
411	99
120	262
44	561
496	52
389	102
363	30
456	201
267	398
547	415
397	64
327	425
597	569
359	16
44	143
367	296
164	511
419	406
532	447
161	567
182	408
487	223
22	135
286	43
566	368
321	75
28	487
182	143
333	293
138	317
426	428
420	597
344	568
311	433
367	257
387	419
360	520
598	517
561	486
203	248
317	564
76	217
468	218
532	118
410	224
285	585
395	498
0	326
500	219
380	431
429	274
85	146
314	545
69	531
17	232
465	267
190	109
74	565
297	453
540	193
441	188
483	175
434	429
392	297
274	246
396	581
498	107
580	38
176	70
130	350
0	328
460	266
387	127
437	74
136	323
434	523
350	166
344	259
252	120
232	120
367	188
548	206
75	227
331	123
189	131
368	273
101	323
329	519
249	110
435	508
284	473
523	273
125	139
535	250
52	512
299	81
367	314
128	206
419	124
447	215
270	436
43	336
33	485
308	480
323	558
471	112
129	203
194	424
225	350
110	599
494	353
422	494
190	170
372	442
254	163
115	549
591	141
87	432
314	202
576	559
55	132
445	393
51	460
52	106
472	546
304	318
134	342
20	469
311	66
148	254
72	148
364	209
372	291
231	332
363	501
417	17
199	274
408	3
207	193
253	444
68	237
465	44
176	284
298	176
271	372
453	180
374	98
373	566
592	521
569	145
192	195
244	570
400	150
14	387
280	558
384	538
530	323
597	317
481	343
500	516
522	158
97	114
371	106
83	322
49	50
104	594
293	407
285	62
438	539
258	12
210	582
34	144
565	94
376	132
173	170
236	581
396	99
413	452
564	0
361	319
49	516
168	172
167	510
127	49
341	405
536	227
545	374
446	82
355	516
582	77
590	90
41	583
264	271
446	485
3	527
532	42
196	34
549	98
33	4
119	447
280	24
132	507
458	361
329	75
470	303
155	364
474	298
397	509
316	359
454	473
534	420
352	391
104	585
419	384
440	204
440	332
12	385
498	361
392	109
54	193
19	5
531	134
212	72
92	109
338	101
107	277
344	106
440	354
160	155
374	539
358	515
439	580
69	290
318	288
327	404
586	566
310	577
74	199
576	38
187	250
191	71
495	220
302	311
64	287
111	542
338	518
585	117
455	594
383	289
220	500
212	106
24	184
186	399
508	586
35	256
518	351
318	56
528	539
43	204
541	458
554	52
108	381
100	238
437	308
61	65
168	226
378	132
61	393
509	547
589	235
247	19
120	298
485	404
248	188
323	192
379	135
500	339
478	133
156	297
340	100
557	190
150	445
421	566
268	486
281	250
538	22
475	163
365	429
430	311
333	382
210	397
381	50
291	406
557	585
228	466
113	527
177	52
498	10
402	564
82	291
83	207
389	176
584	20
147	341
286	61
153	115
133	184
599	150
233	9
397	534
472	567
119	402
142	576
416	219
571	465
474	389
399	581
315	317
172	321
451	342
97	482
442	543
71	332
503	521
491	393
538	423
164	578
195	311
431	140
460	263
174	266
577	5
192	218
184	552
466	471
595	349
234	435
507	46
172	247
238	13
53	200
393	65
285	383
593	331
82	382
106	56
359	90
387	418
499	377
257	477
110	465
455	91
95	19
87	333
176	114
211	215
587	228
412	343
494	180
564	506
369	329
158	522
576	22
219	175
196	487
192	1
476	349
82	575
314	222
380	440
392	148
551	308
544	352
240	93
147	467
72	591
297	153
245	105
543	138
349	400
239	134
330	159
593	52
89	468
288	384
557	217
591	287
105	294
89	0
586	296
200	264
594	272
166	18
449	410
527	457
366	304
288	43
148	563
32	477
367	534
348	501
30	511
1	272
458	522
122	504
252	91
258	289
566	376
195	64
287	313
349	328
522	525
594	523
328	194
182	50
113	56
92	185
226	139
227	34
201	476
439	28
572	483
108	32
199	114
486	351
228	361
476	339
340	225
578	385
356	199
589	40
243	480
474	129
423	451
408	458
592	312
324	145
548	195
354	377
345	228
233	52
282	94
256	22
193	577
412	473
178	279
147	26
472	440
195	575
200	83
356	52
243	73
140	81
314	311
481	225
346	352
265	538
358	108
109	172
196	250
100	487
288	197
588	349
420	246
363	185
241	205
131	595
199	429
452	154
32	244
172	476
59	139
553	453
437	328
111	9
417	230
13	0
536	382
482	301
492	28
589	306
198	520
458	508
112	511
528	551
476	309
399	30
35	105
591	473
393	478
571	467
62	98
269	174
200	165
35	189
531	407
15	598
27	21
220	27
457	210
4	316
392	39
174	330
67	375
77	466
456	217
12	556
12	242
318	367
378	550
290	19
343	347
171	562
524	290
525	203
246	35
195	5
346	557
230	373
386	207
552	276
212	69
447	72
546	178
565	149
260	174
531	464
201	588
462	464
253	291
290	473
412	375
194	590
453	187
538	275
337	261
156	420
483	359
142	469
418	37
269	598
313	240
155	283
63	438
595	374
138	83
478	497
183	408
165	532
388	478
478	503
239	311
157	93
271	258
199	517
448	89
412	350
188	64
469	358
277	60
80	391
351	22
229	110
18	195
0	354
141	345
47	582
46	432
446	450
406	322
214	508
561	568
340	47
99	163
165	85
390	220
55	143
144	137
283	341
2	92
503	67
427	201
440	19
418	331
100	401
523	404
485	312
488	432
290	438
217	277
136	254
559	321
517	58
553	23
589	266
386	263
13	237
274	241
157	427
256	278
131	254
585	243
538	235
98	227
130	400
442	528
56	283
555	358
206	124
135	548
422	448
94	560
119	316
534	317
514	74
4	411
311	547
590	236
520	361
243	535
87	488
242	418
195	536
319	504
390	321
356	533
474	380
316	290
457	58
98	178
572	124
593	536
323	381
277	538
155	104
558	182
38	209
165	559
557	195
406	364
120	174
53	141
253	274
430	323
95	596
172	523
190	76
275	303
284	425
354	34
456	554
351	477
388	409
214	378
408	278
405	556
577	598
470	385
572	573
160	6
316	167
151	149
276	55
191	253
519	122
336	510
210	515
395	504
554	532
3	327
66	597
119	581
389	108
68	508
274	234
351	150
518	150
215	51
35	408
313	262
517	532
405	477
133	296
334	403
503	500
175	267
438	454
377	251
40	110
17	419
596	525
534	560
79	509
472	58
237	580
300	502
509	171
372	496
310	157
371	97
437	231
494	385
561	459
382	258
149	224
211	505
308	249
66	377
380	456
318	333
353	223
557	433
409	475
161	566
432	270
311	72
474	343
260	54
301	16
499	454
50	580
412	106
48	523
6	371
192	555
389	456
312	404
7	179
471	129
216	152
239	422
477	387
488	178
437	173
208	2
156	18
369	239
569	259
427	334
311	155
385	306
553	64
352	128
383	143
121	503
293	188
543	594
546	189
436	443
62	490
150	485
436	556
79	302
519	399
42	167
25	93
177	170
262	440
324	543
464	75
403	563
356	109
277	365
89	476
457	62
465	578
193	21
319	150
487	532
152	42
336	234
231	421
477	310
369	236
368	301
495	401
307	88
457	512
452	109
303	186
396	39
115	560
439	293
426	366
199	469
74	73
537	443
550	478
9	138
140	465
0	325
439	471
187	266
88	48
296	59
223	308
594	587
232	17
507	2
201	6
577	157
215	360
297	517
257	486
72	82
292	226
569	307
325	15
136	333
205	338
325	366
502	366
68	325
276	384
234	151
159	19
106	64
309	161
285	301
188	496
255	594
373	524
270	189
468	518
398	397
212	529
256	424
56	308
217	208
155	273
454	82
265	458
270	163
343	291
552	502
412	127
458	278
507	458
147	541
393	64
17	375
97	409
276	534
559	178
580	530
394	497
365	221
18	285
432	312
144	511
494	501
405	593
37	75
203	425
477	199
176	65
244	325
160	183
13	155
554	308
248	574
83	252
411	92
199	185
181	133
542	259
579	422
474	592
156	107
399	12
399	457
236	549
180	421
222	86
280	364
163	222
530	513
203	172
50	148
131	522
458	597
196	442
292	125
392	249
194	580
100	543
245	477
305	64
109	226
229	475
304	325
430	68
510	517
7	335
352	137
435	251
168	372
566	345
572	21
42	224
389	241
591	63
244	495
92	238
483	128
594	241
257	114
33	553
567	431
73	329
120	222
138	586
238	542
95	595
423	339
397	217
159	198
178	87
78	133
321	514
202	60
225	564
79	494
197	179
75	532
47	477
94	65
269	10
79	175
29	21
130	394
181	344
372	504
371	220
225	145
211	482
469	56
599	145
63	150
440	12
532	95
83	231
479	75
71	478
46	348
459	594
584	279
60	497
202	537
100	113
49	527
55	552
377	402
118	299
4	29
134	153
351	444
411	572
150	115
93	259
128	152
493	510
365	118
65	592
211	351
155	378
464	325
456	402
442	428
412	151
98	240
74	351
152	15
33	263
447	467
547	374
25	543
95	78
189	250
534	496
388	228
170	476
364	428
482	274
124	84
19	96
174	499
177	560
242	397
187	172
135	72
396	529
484	397
317	334
413	512
495	39
209	294
183	442
320	387
283	461
506	13
472	450
131	433
238	49
210	432
563	560
345	117
116	33
199	158
443	248
544	572
385	39
142	136
324	65
337	500
4	335
297	204
56	362
333	7
462	334
364	310
375	302
49	543
424	10
308	302
269	138
170	185
472	54
590	591
511	204
81	324
36	540
510	3
21	475
472	377
4	394
420	497
170	259
563	458
436	24
160	545
103	208
280	364
191	54
375	429
339	423
574	127
93	208
282	488
325	2
417	66
333	539
38	239
23	322
516	73
299	351
470	260
149	532
125	81
179	188
491	7
235	87
100	384
539	335
212	69
411	338
523	559
68	348
413	19
556	400
119	137
545	147
596	130
259	93
597	315
167	236
478	522
589	263
77	132
91	565
110	584
90	503
410	316
366	448
270	258
468	336
536	198
412	127
516	31
125	36
316	495
279	122
150	377
556	500
503	414
512	293
213	580
152	54
331	276
543	85
293	518
434	206
411	507
453	233
259	447
375	343
279	233
33	538
381	464
596	569
301	483
391	485
589	493
64	235
193	252
498	237
574	389
196	527
197	253
10	315
253	190
429	82
201	52
342	320
472	387
17	2
52	47
252	351
330	112
61	208
160	432
579	381
45	297
37	558
289	448
455	51
213	576
444	496
158	5
29	392
11	414
310	524
174	22
410	288
96	583
333	403
380	83
279	242
77	64
217	184
507	183
167	427
201	362
222	245
330	592
47	301
306	270
561	338
81	267
109	341
450	304
387	504
74	26
538	294
363	477
348	95
440	127
31	216
379	111
312	534
562	512
43	373
81	406
365	497
544	403
242	512
485	358
459	562
405	440
327	414
163	533
402	26
179	324
451	310
88	387
566	278
137	218
539	570
523	505
590	84
536	481
5	102
349	92
312	149
321	499
586	462
193	346
343	171
576	553
342	537
108	442
101	313
452	209
555	258
69	429
560	440
572	2
553	403
5	33
328	462
314	245
497	417
464	394
271	38
83	251
556	61
490	344
407	4
101	19
160	71
419	437
239	40
280	346
27	211
555	286
374	536
557	426
541	365
29	359
390	279
505	206
10	294
552	25
162	531
234	586
245	302
240	542
575	48
136	124
518	489
481	288
430	223
45	543
268	357
268	127
208	275
213	437
155	200
552	178
32	432
102	186
431	379
522	506
260	509
9	222
471	219
148	84
484	504
447	144
546	44
481	213
225	582
492	373
172	6
406	541
263	274
582	248
10	426
547	319
226	194
422	137
81	340
504	565
236	215
133	217
594	136
584	453
85	531
112	505
65	310
336	208
369	474
253	208
57	191
120	47
382	227
235	28
465	263
552	318
122	582
13	221
281	99
244	179
312	406
143	95
461	194
321	470
572	214
375	414
288	574
317	336
418	93
292	505
122	353
394	293
594	156
562	177
299	426
530	396
342	508
316	281
157	383
484	227
314	385
192	69
124	186
389	381
411	499
30	164
585	119
96	46
384	394
313	256
378	521
446	202
556	56
355	331
564	114
550	187
481	336
37	474
313	321
541	394
157	530
300	395
49	11
262	371
344	558
412	95
461	548
532	59
540	14
249	18
598	237
538	579
323	6
241	408
50	590
154	244
468	61
523	48
103	242
442	274
150	11
9	282
46	415
295	2
283	27
225	34
25	397
142	413
94	408
360	452
412	404
285	533
293	249
437	144
375	24
143	549
375	166
68	589
41	6
269	459
261	162
191	511
150	534
124	543
557	81
310	258
138	272
533	563
570	345
528	302
276	401
272	274
109	290
135	275
3	565
440	498
423	552
512	388
3	60
273	532
387	221
160	558
273	455
348	177
208	137
367	383
338	513
338	156
517	364
152	369
376	352
204	436
35	528
407	166
580	122
201	128
486	217
137	419
60	467
424	395
372	206
471	22
422	475
337	223
195	199
218	242
99	226
551	139
335	78
480	0
229	374
8	71
177	552
77	45
432	457
243	421
120	355
211	377
20	293
528	47
492	247
354	299
544	545
563	365
429	343
431	375
480	339
361	286
176	383
169	418
184	13
433	139
298	21
423	98
87	34
316	257
546	329
491	160
309	223
5	557
490	494
89	23
436	292
306	239
343	473
512	468
9	458
192	105
204	599
39	181
476	317
26	151
202	152
89	20
531	233
177	31
187	216
177	267
3	367
13	432
210	450
526	120
583	134
274	300
300	541
271	440
238	403
451	183
561	49
528	380
472	204
443	463
331	592
155	473
561	494
102	76
228	327
239	201
317	196
332	79
28	340
588	501
273	281
326	108
321	151
4	380
264	50
543	217
341	3
492	306
211	558
155	327
251	499
408	108
591	463
82	14
250	111
25	480
307	513
270	98
176	486
330	439
230	320
24	530
87	596
166	517
37	43
350	525
386	483
380	61
578	37
424	45
336	75
139	574
565	8
286	421
568	11
461	442
511	162
395	117
187	103
591	364
338	81
333	130
389	2
479	511
578	456
529	248
348	195
301	35
270	546
147	234
15	162
50	97
526	107
12	213
199	521
275	475
310	156
273	515
208	468
190	575
306	430
491	147
465	539
491	11
288	371
233	587
199	557
67	487
584	537
582	128
62	5
348	0
558	560
441	554
431	246
260	73
86	369
224	3
74	576
361	121
447	151
107	54
374	546
438	577
225	343
303	409
67	119
136	133
78	433
528	85
391	260
501	56
100	166
501	499
509	325
171	242
64	441
239	566
22	517
127	187
116	232
265	501
348	108
91	351
273	338
441	239
266	344
269	593
133	57
589	430
365	55
126	185
222	327
111	119
349	113
248	360
85	442
289	454
396	560
167	209
524	49
585	556
37	440
433	408
495	310
333	330
198	425
445	284
478	307
144	285
414	146
207	293
393	23
579	66
231	93
418	344
210	264
460	384
284	328
260	72
118	88
442	11
507	575
85	260
564	115
581	508
556	173
455	366
403	244
562	395
113	305
271	352
272	61
165	136
107	3
18	574
437	29
486	307
98	222
184	24
155	281
404	89
53	157
365	534
144	318
244	287
413	320
130	460
281	362
266	150
575	189
127	390
401	56
405	295
534	193
228	274
311	538
407	358
572	158
387	522
12	343
395	281
401	13
216	81
202	532
149	552
490	203
232	307
357	164
453	548
211	165
461	503
205	146
595	105
117	365
527	174
114	220
4	430
312	268
316	10
558	247
499	265
153	48
16	314
134	111
352	517
485	485
389	306
385	333
356	269
340	77
428	509
303	584
74	248
182	138
234	453
234	551
584	85
377	216
396	310
472	19
275	262
152	126
586	320
230	447
86	190
84	595
351	284
366	209
523	580
247	218
302	44
402	424
479	296
348	112
414	501
118	365
290	403
288	187
55	389
289	68
300	505
371	170
411	414
140	330
465	583
423	465
229	339
512	190
117	86
207	283
284	224
476	258
441	352
465	448
480	501
397	48
459	8
164	103
332	385
28	535
585	244
402	506
122	32
419	229
438	284
151	134
569	486
455	140
235	401
191	522
474	299
343	487
303	81
539	293
94	247
410	27
159	47
108	473
345	252
517	96
38	29
422	84
42	433
27	80
149	267
86	196
96	19
162	308
116	142
524	248
326	436
92	364
422	340
298	587
343	558
114	45
481	548
522	226
26	14
235	41
283	537
10	282
94	355
19	61
214	45
451	597
343	373
132	196
156	247
102	451
455	208
424	174
322	495
85	403
29	393
411	229
145	535
88	257
201	389
277	316
576	17
580	455
341	302
206	56
443	421
573	518
301	183
520	521
279	433
165	555
7	93
56	439
34	145
402	213
403	6
245	254
535	382
467	490
572	299
551	532
160	248
307	447
197	479
536	408
106	167
156	439
309	54
550	554
204	139
197	176
427	473
382	184
95	281
269	499
289	223
162	492
78	246
236	91
404	147
220	576
47	339
424	290
370	154
192	468
457	9
29	272
34	355
261	4
500	572
348	238
207	231
84	60
19	314
5	84
445	520
527	253
260	371
140	537
466	211
539	439
446	576
135	585
86	88
590	55
497	341
501	349
498	246
425	512
289	320
528	137
4	169
414	475
483	105
363	551
25	134
290	529
486	82
301	206
177	3
452	205
147	519
92	551
47	137
500	508
397	292
26	403
166	107
140	54
129	507
331	480
468	310
82	532
591	365
300	355
386	41
555	329
222	326
557	125
585	588
521	371
435	251
376	144
62	122
310	114
106	308
143	241
566	104
398	413
203	324
25	517
274	70
184	521
190	582
421	165
548	186
477	451
295	39
580	460
464	242
263	50
386	65
547	141
163	72
163	560
599	315
286	407
479	13
79	0
422	59
126	467
244	472
556	207
108	454
3	130
344	454
564	572
172	364
187	585
304	338
60	33
215	319
217	462
396	355
155	97
108	386
229	241
470	578
65	250
47	67
42	518
523	299
496	314
46	74
290	0
568	561
142	36
206	218
588	189
245	115
9	442
442	181
15	414
205	428
233	169
28	90
555	581
428	44
400	426
42	312
366	14
223	449
405	21
209	330
29	256
151	419
508	581
485	330
558	235
381	153
415	216
159	551
260	442
311	414
256	142
348	401
202	520
577	248
307	31
381	545
550	252
221	5
513	79
489	100
23	102
379	349
335	516
347	246
120	513
256	445
419	371
362	441
506	537
203	344
311	376
67	37
285	548
563	493
3	372
41	55
7	571
178	206
119	287
486	4
370	559
156	220
13	565
190	420
66	446
48	254
99	274
386	457
188	565
5	56
359	49
82	95
264	477
454	566
272	405
274	292
48	527
574	560
203	560
269	38
590	154
140	445
332	251
221	225
329	538
336	26
416	472
336	297
432	72
467	273
105	556
299	457
268	374
27	389
177	8
283	84
370	449
468	274
133	45
367	482
215	367
559	263
163	93
511	87
577	448
166	141
540	31
255	137
36	87
61	174
538	105
44	401
530	0
195	393
586	269
5	246
393	481
62	362
275	350
475	119
201	75
410	364
565	530
129	351
211	415
130	344
315	183
172	424
138	50
413	565
496	39
35	243
149	339
202	176
437	454
495	220
19	386
563	346
89	88
516	576
69	465
285	39
303	486
534	55
262	540
534	115
347	583
452	276
318	586
462	68
140	168
40	290
146	27
126	21
171	327
13	350
509	457
515	47
338	369
599	449
179	593
555	31
158	545
126	117
48	297
166	132
525	26
370	549
196	505
110	247
64	417
375	151
41	188
575	387
66	326
587	595
539	174
311	396
166	369
147	50
438	484
414	90
12	526
473	401
100	329
15	132
524	211
216	565
500	309
397	567
568	383
517	159
531	293
430	535
382	91
520	335
54	336
131	418
116	186
536	563
589	478
509	450
394	561
458	574
18	209
81	592
291	33
395	274
343	461
188	523
539	506
552	161
91	65
280	449
585	160
277	557
533	156
341	19
246	528
194	173
175	259
296	194
548	536
167	329
436	79
334	222
256	228
113	522
401	545
249	27
152	373
354	181
55	504
258	171
101	138
284	487
71	23
132	513
514	248
262	271
508	562
375	482
194	107
349	200
372	462
146	75
341	213
28	222
551	22
272	263
355	491
252	30
214	378
420	48
567	21
163	96
116	223
460	547
37	365
265	110
576	484
456	95
283	540
366	404
81	536
123	395
179	105
405	279
32	575
577	220
479	99
316	8
353	28
183	366
147	116
377	440
209	62
430	32
159	558
198	187
265	84
536	227
186	207
373	167
401	195
433	545
359	6
59	164
117	460
254	519
59	77
153	163
59	456
521	77
380	303
238	496
154	182
226	122
515	168
422	441
397	137
447	562
482	442
197	134
237	164
148	66
551	404
300	153
106	71
299	520
151	290
547	45
410	73
550	61
83	90
500	265
472	181
23	92
597	186
294	212
262	583
54	162
347	509
183	263
562	526
274	166
275	325
384	48
100	505
6	407
397	223
549	555
494	100
294	35
388	284
354	425
570	250
399	444
436	508
478	106
87	345
497	330
541	82
315	476
348	379
584	382
502	597
251	35
11	193
86	90
426	506
540	193
471	96
59	331
198	365
277	453
590	269
253	393
400	591
190	541
71	194
7	331
417	230
243	14
331	577
70	150
292	490
353	496
128	277
406	445
532	499
7	276
265	486
145	415
121	246
542	295
503	3
24	221
323	87
113	222
531	183
471	34
221	142
173	146
40	78
485	499
531	132
314	115
253	198
281	223
395	60
167	382
305	457
389	262
440	140
9	297
429	511
231	147
417	443
500	11
141	598
531	4
326	530
8	199
54	243
233	478
163	261
589	223
81	120
164	19
434	417
95	202
326	366
385	397
398	141
2	328
577	513
468	546
378	299
574	418
353	553
350	520
485	21
243	597
203	493
33	295
544	442
550	109
34	119
209	532
53	416
322	588
354	532
396	474
522	249
391	314
80	379
3	216
196	472
175	355
107	507
38	352
564	427
331	358
46	311
19	267
501	328
97	459
371	387
48	519
467	1
169	130
24	293
580	275
548	218
155	535
453	271
561	55
410	255
282	234
300	553
476	503
23	273
467	425
472	137
259	366
112	463
38	302
54	308
365	429
290	279
275	301
198	76
237	155
287	364
222	315
409	481
183	235
482	382
108	210
540	482
137	555
446	215
163	242
340	19
411	449
474	578
597	391
232	438
287	350
335	60
477	295
458	84
97	532
352	45
559	274
93	250
55	297
272	229
420	538
504	479
1	236
263	113
435	34
176	74
322	469
237	597
313	81
113	589
540	526
173	105
17	142
430	198
584	110
323	181
68	106
540	435
3	274
462	518
546	83
107	451
562	499
150	73
407	541
324	193
518	509
198	469
526	504
339	282
56	211
98	387
513	111
542	91
262	270
90	263
398	357
27	558
107	85
141	109
546	7
469	427
331	356
78	422
178	358
544	385
419	351
578	523
397	332
192	396
493	317
392	494
347	4
14	526
81	63
455	333
592	19
2	64
445	439
314	488
577	147
257	375
174	92
79	576
245	5
200	1
492	418
379	560
388	324
526	455
249	172
247	437
379	62
382	195
178	476
382	440
446	171
98	121
588	318
428	136
428	502
256	247
519	307
512	529
239	513
433	190
566	297
18	313
480	547
60	408
261	221
341	160
302	531
383	530
153	11
117	405
32	339
238	161
499	273
562	437
310	423
185	358
173	98
491	245
107	5
314	244
482	127
507	460
533	533
548	534
378	93
303	396
443	32
333	43
467	427
526	392
229	275
188	204
352	410
79	133
176	506
563	186
118	373
445	442
31	199
357	234
354	480
262	530
98	522
0	258
211	323
495	342
162	495
444	283
461	78
297	429
202	493
442	238
364	540
351	165
479	172
110	105
573	378
149	321
553	580
125	169
304	270
354	555
455	521
55	295
184	82
270	592
30	339
117	45
88	224
140	113
355	479
115	368
359	461
65	502
539	369
87	373
69	216
418	314
410	372
391	213
363	73
218	276
416	430
247	379
367	372
225	9
125	247
504	250
205	197
525	285
422	119
282	129
150	244
452	185
461	564
426	448
188	408
56	363
460	572
236	482
435	125
97	139
410	269
41	11
434	536
86	377
76	290
553	241
151	167
436	378
380	22
187	45
70	107
316	138
494	47
439	33
586	583
9	569
149	518
411	512
338	400
23	176
570	372
434	538
197	60
597	186
149	332
502	263
134	141
475	333
305	325
6	97
432	413
148	168
124	79
472	12
265	561
269	437
572	570
448	192
251	64
403	142
50	324
302	267
134	251
369	520
194	169
580	24
199	44
15	477
481	266
589	268
436	576
251	435
405	417
255	45
501	215
172	168
376	257
81	276
36	552
49	543
173	528
173	321
253	344
53	82
577	101
15	75
142	201
486	112
378	332
283	583
520	140
225	317
563	79
178	358
427	210
183	270
38	132
21	305
253	492
419	36
207	243
56	238
380	200
425	278
471	487
176	498
375	549
480	249
231	346
69	190
448	155
153	49
272	338
240	563
428	333
453	295
217	24
53	208
368	104
121	386
480	198
402	313
270	211
125	344
359	62
78	455
190	327
576	500
56	119
418	20
188	263
254	574
49	273
571	373
8	62
274	8
593	557
117	584
297	309
19	213
512	575
449	517
73	443
250	218
578	542
575	111
307	13
146	95
404	64
572	34
319	174
551	356
453	328
29	380
349	461
311	86
254	2
274	277
245	3
59	201
546	251
435	232
597	268
54	397
110	507
406	34
506	235
556	226
1	12
134	224
101	72
500	190
69	202
509	595
495	131
342	491
396	394
434	236
236	503
366	523
147	277
139	561
228	506
102	94
337	556
404	272
213	361
327	424
96	227
326	513
394	326
296	238
107	551
129	486
310	347
389	103
22	570
1	460
129	590
41	364
561	76
276	97
41	245
355	369
157	129
201	189
162	73
221	340
4	95
346	483
446	388
39	275
516	398
162	71
373	292
248	32
125	144
408	407
22	336
93	182
422	448
98	123
147	407
359	338
275	108
586	198
249	542
25	372
265	285
44	573
5	32
256	301
304	380
245	44
7	309
89	25
64	36
85	94
138	181
437	500
436	252
557	556
505	108
383	558
369	428
537	10
84	134
556	9
359	252
79	134
392	49
73	599
30	386
454	402
538	543
521	158
178	570
479	191
372	451
324	53
192	341
519	362
38	89
384	302
246	85
139	177
478	184
340	300
30	180
257	164
167	161
599	268
146	186
597	462
334	222
549	325
377	318
585	354
455	166
194	530
392	521
59	504
572	205
300	572
282	344
2	455
190	422
428	402
288	120
81	418
353	579
501	370
17	194
307	222
396	472
291	343
395	518
388	407
46	165
381	195
399	289
78	272
402	11
100	395
328	321
441	137
531	371
529	456
228	357
24	384
72	148
466	186
361	511
483	147
561	596
364	308
33	539
23	482
551	515
218	317
214	215
495	15
15	485
84	499
78	107
6	559
423	302
249	119
535	120
66	223
7	501
349	237
475	547
274	137
577	379
394	66
245	248
248	471
466	259
83	158
330	288
440	364
510	209
388	130
569	101
350	224
310	29
315	137
355	259
372	386
29	111
522	480
226	519
193	309
222	594
498	231
37	289
306	309
160	378
328	311
114	363
4	505
506	408
59	443
331	313
135	496
534	594
51	321
529	512
116	142
577	197
19	232
139	433
16	342
433	325
40	81
536	572
94	422
77	265
472	96
64	471
96	176
64	17
299	466
14	375
215	581
142	417
349	590
472	539
286	161
133	134
161	198
157	206
74	412
501	573
215	69
149	67
100	253
560	40
454	47
285	392
28	422
186	258
450	142
536	317
535	309
153	576
583	329
462	172
275	374
333	159
555	516
344	200
13	51
81	586
375	220
553	64
593	110
360	291
190	570
558	227
513	3
344	39
453	469
118	562
580	289
482	197
409	378
515	123
121	287
575	564
387	141
207	258
281	497
532	146
342	503
279	327
599	273
126	449
127	599
595	460
475	448
62	169
564	19
163	366
394	340
30	434
349	238
323	193
79	465
522	336
526	257
327	406
222	523
544	224
18	452
471	311
274	567
63	415
193	539
564	95
174	119
323	232
546	315
72	331
473	76
399	428
49	435
362	117
336	596
577	432
570	542
471	525
511	523
385	580
291	45
473	480
471	291
281	41
94	71
500	195
26	358
270	400
500	171
371	519
578	376
429	551
162	42
151	588
13	47
30	316
111	7
560	23
515	445
116	145
59	288
25	14
293	10
531	224
538	228
80	376
296	84
208	87
247	76
259	583
64	112
524	587
376	428
443	159
45	543
177	397
152	488
212	126
48	324
410	250
32	345
139	540
526	363
15	76
52	320
102	546
595	481
46	252
443	143
119	372
336	80
395	489
327	517
185	425
486	313
384	416
593	0
568	215
56	105
165	308
342	298
525	73
60	22
473	188
484	422
136	11
218	401
358	81
412	537
395	497
139	548
72	150
417	291
109	45
258	171
190	592
176	397
52	592
454	268
439	262
510	483
257	390
22	16
62	224
204	457
128	260
523	250
462	162
70	208
556	123
265	356
270	127
367	343
199	340
581	479
318	599
493	275
519	51
32	25
584	571
371	49
178	549
42	462
207	462
210	265
99	292
207	433
266	507
518	115
433	439
413	129
417	315
55	570
342	124
19	191
567	46
476	277
406	145
532	452
406	430
129	27
508	212
529	253
309	209
586	84
215	47
514	480
437	374
549	428
322	375
165	422
39	108
236	417
311	202
197	57
567	160
480	498
83	207
244	533
364	365
118	103
533	15
208	16
341	67
397	5
71	551
169	115
252	354
166	145
547	421
201	360
239	94
106	330
62	97
194	524
81	114
279	209
415	187
435	548
253	430
27	153
208	209
203	25
235	532
519	321
228	15
444	550
528	500
68	238
519	342
464	342
130	357
161	68
345	231
567	56
465	517
370	452
586	327
55	477
23	149
274	108
111	179
138	126
288	231
74	548
451	531
395	120
322	169
447	293
446	64
392	537
54	458
199	138
17	383
257	49
525	506
107	96
200	501
583	220
299	467
343	263
134	386
293	565
558	268
149	16
27	536
298	146
327	242
581	462
385	435
453	388
271	366
472	159
466	265
183	277
107	300
391	66
212	1
212	241
329	568
32	9
292	37
313	431
320	520
585	494
510	225
63	48
291	446
587	367
267	563
558	300
14	509
351	291
480	251
354	177
23	345
492	19
301	290
57	573
21	185
270	556
459	60
571	113
404	550
264	42
413	192
552	446
119	563
35	372
383	36
205	369
252	164
212	164
362	475
55	72
363	425
449	61
285	217
325	403
287	514
388	549
29	546
593	494
419	313
414	514
53	304
344	11
477	37
236	175
470	196
5	378
509	355
14	374
128	522
1	395
462	565
410	444
430	415
534	408
12	133
29	561
582	284
334	557
349	136
194	199
326	122
544	474
192	412
560	57
0	188
83	541
448	316
527	307
438	330
353	33
192	425
59	350
118	26
581	371
208	136
327	474
542	111
44	449
22	344
491	579
64	164
399	147
262	338
103	230
343	79
591	580
314	281
293	578
592	288
424	8
346	161
129	186
442	129
198	485
317	98
268	240
309	357
490	4
101	324
485	33
126	114
597	78
303	378
278	180
241	177
306	424
168	177
380	52
589	195
368	217
440	7
422	187
179	163
414	569
338	406
13	247
79	8
493	442
362	400
3	287
397	393
265	280
277	562
340	156
564	449
192	122
196	187
543	234
118	466
448	400
56	451
268	222
165	595
468	148
599	558
439	39
160	572
152	467
405	577
3	134
123	487
504	19
172	201
456	96
594	398
228	509
276	73
62	344
54	481
391	161
90	290
15	175
5	447
587	126
165	393
96	230
590	233
205	361
508	182
231	384
34	228
215	490
545	297
422	331
468	13
528	141
408	53
118	181
81	28
221	580
504	391
445	0
97	395
596	223
64	534
184	480
91	534
123	446
507	386
424	497
124	347
469	330
292	350
153	523
112	529
500	145
226	71
126	16
599	258
311	193
76	588
158	290
257	338
462	210
278	302
354	583
586	7
464	494
186	135
243	375
470	457
379	106
559	84
400	105
549	249
276	60
205	29
302	155
264	307
394	36
526	465
573	361
289	581
255	373
71	277
49	27
135	432
238	194
444	387
22	361
23	252
102	443
374	589
163	335
51	405
404	240
320	161
424	547
566	338
500	330
245	139
447	220
334	490
409	502
532	416
29	235
177	295
512	179
300	63
298	195
191	140
89	472
167	160
524	409
110	17
389	401
378	550
560	126
312	107
328	449
139	406
217	426
158	582
48	399
10	568
86	256
152	285
43	595
112	403
56	415
90	573
277	191
386	522
529	557
81	456
479	480
302	274
85	187
115	589
464	307
308	195
500	69
58	410
392	298
246	357
446	417
41	524
63	503
199	42
437	413
309	131
98	501
264	112
518	418
508	569
206	252
318	421
311	245
433	481
307	83
68	131
290	354
205	529
393	5
391	115
136	297
479	66
421	231
149	251
103	547
477	420
357	117
188	370
372	140
64	477
351	594
345	497
321	176
180	481
62	374
54	577
111	447
292	568
133	103
457	464
460	434
482	348
593	411
315	206
591	229
20	410
130	554
142	538
166	125
72	582
410	350
334	207
510	370
288	425
124	203
569	443
419	363
6	564
349	273
470	444
243	518
409	28
375	15
593	363
294	351
573	166
272	127
261	578
96	469
63	161
455	71
8	143
213	18
502	352
127	60
66	113
164	473
187	319
65	238
29	255
365	488
385	483
214	544
398	278
34	229
301	341
290	246
554	1
473	283
94	93
90	78
265	448
87	236
341	88
286	506
183	236
510	117
534	555
215	346
317	590
287	351
453	527
593	516
235	269
112	385
530	349
578	390
217	550
400	17
549	537
33	471
265	244
509	410
49	449
247	339
367	495
252	573
588	453
401	502
560	406
297	58
413	398
19	477
62	439
314	133
549	232
102	218
313	395
119	243
326	290
514	175
191	61
197	132
334	18
12	375
228	161
438	0
45	51
73	49
538	351
289	244
330	360
168	414
458	582
376	492
561	256
148	176
161	379
148	520
479	178
39	483
76	498
11	553
460	232
40	246
371	545
330	154
543	21
453	288
529	145
259	265
509	0
457	197
57	326
232	493
387	241
87	407
354	356
69	223
54	481
532	391
20	106
73	523
34	475
136	595
353	424
229	598
168	439
253	359
452	26
291	503
117	211
198	455
308	172
119	575
201	298
545	408
537	285
209	155
133	199
397	436
598	102
377	374
244	200
244	596
37	226
489	529
242	493
306	109
365	173
494	69
543	455
195	598
455	263
303	581
133	227
256	246
140	360
52	63
477	223
210	144
480	395
575	81
326	289
21	159
26	389
438	13
494	269
62	356
169	244
422	23
518	389
101	269
480	586
185	75
17	136
171	13
354	216
225	281
317	109
237	81
86	165
338	275
400	71
382	502
259	295
139	563
19	568
496	446
5	47
557	239
234	303
115	418
542	511
58	407
538	172
476	590
285	484
318	91
369	305
263	393
210	365
329	519
393	576
341	4
559	92
363	104
165	97
303	584
584	106
422	589
434	522
392	314
299	356
392	489
359	463
246	441
313	506
397	501
13	545
368	308
402	252
400	144
262	288
441	525
580	573
419	0
177	436
179	138
421	114
545	224
524	45
581	472
308	497
243	114
472	176
461	496
507	4
279	308
33	402
326	269
303	485
274	357
35	236
171	193
406	113
367	158
437	271
105	149
71	71
14	338
137	15
144	151
477	512
549	312
457	458
202	235
596	326
113	102
179	216
299	140
122	95
238	5
14	554
38	121
455	272
442	457
218	84
134	539
84	179
30	480
268	324
458	403
351	356
484	472
471	554
102	246
581	373
361	386
155	24
225	490
582	287
468	219
113	282
41	328
277	339
85	527
564	188
64	209
117	506
22	270
81	536
346	3
540	402
21	186
439	31
196	3
331	113
456	140
328	189
206	458
371	257
382	27
46	359
417	26
369	573
524	46
94	485
66	128
210	480
221	263
551	226
124	25
111	426
377	544
147	465
593	454
338	404
350	503
485	31
122	226
335	80
465	211
129	181
401	568
227	156
54	534
103	485
558	119
376	93
11	90
200	578
87	152
502	406
129	326
102	226
261	444
523	96
314	369
368	597
301	344
428	129
444	587
427	412
36	162
537	207
91	136
505	468
570	171
372	532
58	390
38	107
288	460
298	169
491	595
389	231
393	75
440	36
25	538
423	124
388	381
398	580
85	204
491	428
255	355
175	305
14	305
31	54
277	327
215	422
447	158
493	41
305	157
475	441
60	62
86	271
224	556
260	383
460	12
426	133
131	244
435	354
528	268
493	271
154	272
214	261
154	511
172	278
385	35
441	147
7	149
221	347
542	356
430	45
429	570
162	299
280	435
53	379
117	339
286	562
297	555
499	391
441	152
485	586
325	48
455	431
358	361
48	571
384	136
112	586
51	235
167	58
404	52
80	271
224	194
492	276
400	85
387	51
127	222
486	281
137	385
376	1
22	456
347	11
412	165
398	257
195	35
404	286
161	362
144	539
294	453
52	119
370	346
153	259
554	477
73	463
473	377
224	452
507	92
25	399
133	126
141	583
504	54
550	3
325	17
505	587
2	216
226	257
474	284
82	451
19	529
475	249
417	524
204	261
128	339
503	156
534	335
24	351
87	584
209	590
10	14
240	354
97	335
234	357
390	113
320	425
0	366
112	481
349	127
527	40
537	431
353	276
29	589
259	351
163	581
424	74
94	156
288	349
430	285
319	183
33	517
233	39
597	304
43	181
337	45
453	256
52	589
299	533
205	331
155	152
265	145
81	155
475	63
21	512
30	424
190	92
598	571
112	426
37	154
497	96
417	507
194	330
290	113
193	314
90	238
139	409
205	159
94	141
279	148
396	198
13	410
435	206
291	175
194	85
133	434
278	318
185	156
171	186
257	535
286	207
263	593
543	28
210	141
12	452
445	326
560	164
94	345
306	515
43	534
274	445
168	322
206	139
174	597
275	387
341	147
583	400
386	353
531	166
204	509
46	420
504	106
53	598
381	431
591	285
346	419
20	294
507	480
45	164
346	321
254	74
105	120
288	73
534	328
404	162
112	564
42	241
46	363
503	119
79	561
245	554
252	123
156	171
241	462
494	475
338	380
496	435
106	284
277	87
439	501
53	126
178	183
362	448
530	470
523	492
352	59
121	77
149	33
183	305
127	537
286	254
250	563
126	537
436	369
577	324
489	433
10	363
69	568
147	92
576	445
404	9
523	305
495	274
208	505
111	339
184	397
145	504
391	233
467	369
145	349
418	254
32	442
423	16
133	428
73	497
356	95
302	369
28	71
538	118
395	520
539	95
145	78
587	261
19	538
44	319
560	594
170	40
152	156
41	295
527	599
416	315
17	101
381	145
384	89
160	363
409	569
92	319
333	280
400	137
547	155
475	206
51	133
486	566
85	578
571	261
135	557
35	22
93	382
382	452
291	371
267	439
134	585
216	415
513	135
155	233
44	7
598	587
566	171
17	228
51	192
146	557
272	65
79	199
411	43
324	479
224	512
312	165
271	195
314	221
81	127
193	479
72	99
112	73
262	406
569	463
46	323
104	388
527	305
416	0
431	538
12	422
580	510
259	337
326	19
398	514
336	163
558	465
405	26
190	533
143	227
592	553
394	582
555	406
191	560
410	423
381	286
24	29
202	255
119	239
144	102
489	213
386	297
141	177
421	81
139	339
196	334
523	288
139	429
335	534
21	217
0	559
529	228
478	391
255	432
130	411
177	479
357	552
572	403
180	581
422	203
67	255
249	298
349	87
181	213
38	249
484	137
16	132
239	63
505	249
287	358
126	218
309	83
105	408
202	150
461	377
130	516
434	268
419	261
268	410
277	482
374	211
49	125
492	282
523	412
158	198
196	115
184	150
424	469
494	553
183	471
133	575
503	65
421	271
318	90
482	565
181	462
378	39
408	319
169	349
481	6
31	4
125	484
292	237
167	249
586	246
504	152
432	252
144	525
551	579
317	156
532	229
330	112
590	194
28	412
346	370
382	417
419	68
348	525
229	394
196	244
96	76
312	94
89	453
568	485
140	133
557	400
270	572
496	361
303	352
353	48
29	92
572	394
19	501
173	130
56	273
196	473
308	462
292	205
134	133
13	284
176	25
233	371
12	56
276	599
224	124
580	71
308	62
392	260
140	513
149	6
81	206
571	445
162	17
191	569
65	463
66	422
592	275
214	263
41	212
472	61
101	499
177	157
596	414
14	204
555	189
152	567
156	446
86	259
367	41
198	381
151	250
466	248
463	238
367	161
490	363
393	16
418	153
179	189
353	231
587	85
243	580
185	152
293	403
359	207
38	594
260	479
27	71
339	181
153	478
409	301
11	124
596	91
4	281
190	461
6	78
1	187
593	363
596	60
7	283
452	366
476	263
110	426
315	355
464	42
323	265
239	567
536	384
467	115
358	24
343	280
209	429
309	219
40	582
558	209
391	209
143	108
555	565
439	433
513	587
101	418
504	417
486	579
421	476
468	379
492	386
122	449
556	538
276	544
452	304
579	105
153	49
254	355
313	135
412	514
42	281
358	505
124	43
58	5
237	181
81	279
435	10
202	597
76	48
320	127
529	598
462	441
385	47
427	33
594	50
281	199
298	291
479	28
443	34
502	496
237	406
528	532
254	549
140	193
532	234
46	475
75	492
100	13
362	79
388	282
440	450
569	85
108	188
116	502
210	323
566	34
369	171
435	101
153	495
27	487
162	303
571	192
183	54
120	497
66	526
211	425
401	74
64	264
46	32
417	236
108	322
359	165
325	40
408	55
160	587
172	468
504	400
321	83
512	319
319	265
515	134
222	466
224	159
251	268
98	452
402	241
533	10
429	567
420	329
514	253
416	294
210	28
587	106
150	207
11	35
388	297
50	69
360	570
273	509
462	453
53	466
203	297
10	568
531	210
276	362
28	291
596	283
362	243
335	474
508	145
299	448
580	333
218	318
268	324
481	399
148	343
66	224
192	161
590	504
413	163
519	384
132	334
120	328
423	212
144	586
33	316
115	48
75	232
305	301
448	101
411	186
377	214
471	136
333	212
381	509
0	238
593	197
525	409
417	494
526	221
537	240
264	92
362	327
371	160
513	151
591	295
27	482
307	445
502	560
406	87
323	28
184	311
336	87
27	377
458	396
323	361
367	535
492	134
241	299
307	79
455	566
365	385
62	131
427	202
428	339
415	413
533	257
120	18
158	369
473	433
103	316
513	155
518	571
219	358
86	189
517	395
127	304
405	357
542	360
479	191
525	550
564	26
94	95
325	499
200	143
381	214
28	27
188	169
234	337
280	326
252	532
437	118
596	199
477	239
305	533
251	594
125	235
569	243
530	123
434	110
138	406
594	546
542	205
393	309
566	27
366	428
32	434
512	405
291	361
408	283
547	79
234	421
215	264
195	452
557	297
508	374
464	8
180	204
336	293
396	508
344	511
107	284
4	404
578	468
473	545
554	534
478	210
225	405
336	519
300	471
228	20
350	217
118	59
191	597
150	271
256	354
354	432
546	169
430	350
246	239
431	27
359	324
440	378
76	94
540	62
401	130
450	209
325	81
143	586
71	179
309	321
81	147
400	458
559	87
249	515
329	338
12	476
419	7
572	418
542	364
319	576
567	353
212	59
437	164
240	449
88	282
144	437
261	307
168	505
62	451
26	280
510	161
155	558
178	190
463	471
531	403
564	577
464	575
204	152
449	508
309	444
446	557
275	488
245	118
324	569
99	512
532	273
249	39
479	175
288	226
92	13
200	567
201	422
81	360
16	442
29	54
265	111
549	520
426	389
7	96
274	246
393	98
395	169
240	282
413	146
249	113
591	599
448	292
384	329
471	553
195	165
182	590
10	406
569	192
570	57
335	117
244	365
398	406
19	261
596	557
137	579
401	23
276	106
360	277
118	328
516	373
442	158
47	120
130	598
126	216
30	224
320	72
22	105
437	296
473	40
556	27
414	470
4	406
79	410
356	208
478	190
38	9
544	201
494	32
86	586
80	316
514	93
327	255
542	14
426	82
520	359
386	129
129	199
334	245
133	498
15	143
358	191
263	184
193	370
324	274
338	117
315	457
194	517
248	404
350	240
97	51
36	478
26	444
119	171
596	437
1	127
438	488
272	535
85	46
385	372
543	241
505	37
60	235
467	532
485	468
475	547
151	108
289	593
545	310
362	364
504	60
432	452
260	333
137	530
27	512
517	532
155	419
584	158
525	148
16	494
53	524
497	507
46	139
156	387
290	36
470	312
199	478
188	454
13	275
141	68
364	281
40	261
43	274
115	282
51	275
565	62
266	358
92	13
99	531
432	481
546	114
361	90
61	126
363	209
391	422
423	194
46	229
430	188
540	324
430	543
258	593
263	32
256	327
143	147
90	337
361	582
29	356
109	286
423	296
209	73
243	98
564	103
564	97
67	157
409	387
53	87
503	204
161	74
548	363
471	363
439	448
372	559
454	453
527	440
415	577
512	33
303	107
529	263
321	265
20	491
319	316
107	88
404	247
295	350
394	253
440	96
454	229
12	488
329	355
499	101
378	124
582	414
79	549
111	414
515	272
548	84
241	516
110	549
462	167
334	416
173	331
174	574
572	443
581	252
563	265
172	111
53	317
334	451
367	323
405	192
413	338
399	353
388	485
496	26
298	327
48	285
385	472
285	305
35	238
395	497
280	106
496	556
266	193
229	333
97	195
102	241
275	555
234	257
459	403
333	259
90	20
339	273
539	271
0	462
472	491
275	376
171	59
353	135
183	131
61	280
396	367
269	94
337	144
440	542
299	388
427	349
284	481
91	408
319	118
420	16
48	45
360	288
544	25
204	412
70	160
364	216
74	333
327	322
546	29
533	293
351	243
508	314
538	90
322	589
128	191
173	538
213	217
174	275
309	486
469	527
541	555
301	184
343	599
176	240
44	573
437	321
316	132
373	344
154	332
78	429
339	111
175	114
349	290
346	269
251	423
375	132
318	368
221	172
240	10
187	110
394	300
245	191
382	90
482	506
286	194
522	220
411	426
165	435
34	324
167	108
121	56
135	408
159	156
415	418
505	298
254	87
432	550
432	355
32	211
279	20
436	273
435	29
565	525
109	129
74	172
449	178
184	453
89	285
458	563
271	556
341	275
235	240
242	488
178	216
526	329
423	594
287	116
107	45
508	105
9	345
39	486
92	460
231	522
97	497
277	183
441	287
440	377
519	395
308	446
448	187
142	113
280	217
554	327
176	48
493	469
309	453
279	284
117	29
488	235
427	455
83	63
562	254
151	264
485	22
402	355
293	504
297	64
372	587
187	455
326	185
171	508
47	219
92	284
87	498
495	579
282	595
407	124
357	590
142	316
579	524
328	435
437	410
101	576
199	150
541	231
71	341
107	338
425	278
452	426
238	447
249	472
564	530
439	500
478	67
472	425
587	225
115	51
4	518
398	198
175	37
443	572
97	479
513	146
416	434
577	241
591	15
481	284
538	350
470	274
417	360
290	202
18	129
325	582
383	320
367	414
302	308
427	105
103	92
136	418
328	531
377	357
221	399
572	557
91	573
328	379
147	578
119	477
4	152
139	320
305	387
485	307
354	479
168	315
438	96
564	204
85	213
591	323
116	554
566	165
106	225
113	122
591	293
492	596
285	90
273	374
238	220
475	363
12	66
230	69
280	439
442	166
427	437
175	110
152	598
178	17
418	592
125	140
169	308
236	268
120	100
67	339
434	430
438	201
227	130
225	499
291	484
86	186
293	414
364	50
478	181
580	165
392	333
591	596
334	300
460	585
594	329
302	140
242	287
113	480
538	201
13	489
386	116
523	181
352	339
188	148
145	251
409	437
168	340
277	574
513	9
471	455
87	100
348	284
73	521
57	358
444	181
590	445
570	186
45	491
24	530
170	79
189	430
277	341
6	130
562	223
246	14
330	578
595	451
530	344
332	464
273	205
518	537
400	368
78	555
306	64
544	526
2	304
190	143
411	585
69	1
538	578
2	144
505	430
305	114
229	587
101	489
198	274
436	273
583	288
306	539
347	432
326	356
440	226
217	157
408	372
66	423
329	492
15	75
566	143
543	459
551	137
594	392
196	137
273	89
311	368
234	53
574	567
20	174
304	322
465	370
303	556
305	127
331	152
499	210
104	89
103	43
142	295
206	57
246	462
419	22
396	141
227	558
303	384
351	306
494	195
203	59
13	331
262	245
317	98
250	58
57	311
502	551
44	432
190	327
248	373
380	474
402	362
544	98
553	73
323	362
174	169
57	532
133	327
597	37
521	559
366	486
477	519
231	498
423	392
421	367
479	82
329	67
53	532
77	349
569	332
195	212
116	505
545	544
220	226
177	379
340	234
205	371
474	3
280	520
233	516
239	356
599	513
238	540
25	53
287	458
243	175
77	483
468	446
158	500
229	369
127	84
250	408
162	229
305	49
331	293
336	432
0	244
219	462
446	321
266	44
568	181
297	188
179	11
570	396
389	283
469	345
427	18
551	396
434	32
120	99
109	125
478	62
21	128
464	572
423	342
349	91
478	532
186	320
458	377
498	576
9	330
431	236
489	331
231	538
47	263
411	14
546	325
257	293
545	551
161	257
403	135
412	214
29	417
200	167
53	471
208	550
238	13
480	311
68	258
143	311
439	119
101	142
469	7
156	14
224	3
307	503
582	505
228	9
591	224
135	381
418	475
224	449
368	216
164	197
490	491
113	382
341	579
179	279
155	257
418	527
398	417
57	596
582	391
18	161
26	15
476	582
547	104
46	253
571	494
294	516
205	226
410	60
54	281
144	541
272	150
225	468
584	4
64	290
310	268
168	82
169	312
131	110
389	410
215	22
28	11
386	151
225	476
495	316
301	562
393	172
136	66
228	343
137	177
275	454
353	526
267	462
41	231
495	345
516	413
5	441
22	301
429	505
268	115
530	339
62	69
105	583
175	161
135	287
453	340
71	348
68	377
104	571
317	386
148	290
475	429
517	50
166	566
307	232
56	469
121	243
117	468
77	244
352	48
437	133
105	177
439	240
451	103
305	293
17	99
352	79
400	87
108	51
583	355
199	518
3	421
158	499
503	316
104	278
585	561
556	207
360	139
208	390
89	597
148	15
401	62
260	322
485	181
340	555
181	279
294	249
263	39
263	140
407	312
319	216
36	346
175	377
326	574
133	385
371	520
571	381
258	152
334	449
503	317
354	83
244	87
275	299
120	63
118	333
377	341
14	487
494	486
282	477
207	440
299	143
566	491
100	260
462	285
42	582
553	554
451	529
320	599
67	121
340	289
393	199
434	535
376	271
122	433
57	146
408	75
158	307
291	90
377	287
452	33
587	502
177	472
233	273
78	346
497	383
509	146
130	400
220	353
409	45
565	103
24	537
556	252
241	256
433	1
200	451
429	367
422	453
89	339
74	438
241	109
338	441
32	108
303	595
134	113
222	131
596	508
283	280
231	174
56	524
83	236
116	267
551	588
110	375
374	528
176	580
470	380
505	419
321	389
339	77
329	240
43	157
241	396
126	83
254	174
472	377
284	543
32	507
221	316
512	200
476	545
129	391
360	98
227	376
500	480
129	217
3	437
43	105
144	204
117	373
484	48
5	140
249	599
170	528
11	306
160	452
358	228
295	397
403	132
123	70
492	585
391	564
262	490
467	458
399	295
508	578
229	79
274	89
22	334
445	438
381	347
272	271
346	76
592	223
443	478
422	416
126	165
560	105
257	315
246	60
384	513
175	463
565	520
252	444
478	546
236	127
544	282
151	292
226	597
359	3
572	443
272	433
14	598
503	500
453	102
576	26
144	86
42	431
409	550
422	25
111	494
333	329
351	244
23	201
363	35
415	340
579	416
27	550
520	434
594	202
232	421
279	290
147	122
570	350
460	143
493	60
51	62
67	144
95	333
596	80
49	2
110	591
99	513
566	148
431	235
220	310
165	188
316	214
180	26
273	241
338	453
108	57
439	199
226	295
83	393
387	494
55	575
359	175
49	145
147	485
33	575
305	468
472	161
22	451
521	456
124	123
303	228
584	523
62	131
62	354
462	43
240	472
170	108
62	312
271	285
15	446
528	481
397	537
46	366
446	302
84	226
271	345
160	138
516	400
6	168
155	37
183	8
326	400
334	15
334	103
515	505
349	251
353	509
36	561
570	215
579	121
162	387
343	326
136	257
133	306
161	345
493	430
47	139
202	555
567	563
45	168
376	488
337	240
111	296
234	159
56	418
463	185
447	79
222	95
420	389
14	478
556	290
560	174
460	249
255	109
401	228
118	133
419	87
480	33
32	212
587	519
308	265
198	49
118	314
1	326
350	435
300	425
491	479
120	491
305	430
49	338
79	222
469	580
215	289
590	41
462	567
35	205
331	568
53	367
76	80
261	522
572	55
371	245
338	324
377	568
35	581
150	365
86	182
118	593
352	148
518	422
262	356
478	22
288	212
223	294
206	486
36	565
1	573
110	335
508	405
327	474
468	339
71	436
290	518
509	511
370	57
205	578
204	591
72	494
263	321
89	562
117	126
388	339
98	216
257	27
22	415
230	236
114	300
443	42
143	444
6	290
170	479
590	307
27	108
77	0
493	139
511	446
368	62
71	472
498	21
121	509
4	5
130	259
264	84
315	122
177	547
285	207
387	496
494	435
377	87
209	424
221	461
348	272
369	457
123	289
253	399
90	225
426	458
591	97
579	574
158	265
43	151
14	481
241	297
8	551
504	101
72	10
387	396
445	442
22	59
26	73
383	179
15	514
331	452
385	517
422	574
38	292
330	220
117	493
64	285
65	244
421	368
103	187
595	163
141	505
89	88
146	565
597	461
220	526
557	47
597	265
181	146
175	373
306	95
342	206
37	82
469	364
491	406
584	383
410	536
320	369
86	581
358	312
546	249
599	215
18	253
317	17
372	364
166	345
471	330
293	192
67	337
495	356
384	426
592	585
123	413
204	230
275	372
81	287
570	186
385	379
271	307
374	113
256	200
94	60
228	11
478	224
158	553
251	303
574	472
555	165
554	78
202	540
66	51
161	29
377	117
161	220
15	406
597	286
211	588
380	274
38	21
86	497
43	204
470	555
186	116
478	416
340	504
505	479
512	501
457	390
252	533
536	39
232	529
244	444
444	242
268	519
321	188
335	432
45	319
556	67
448	131
43	493
276	575
426	483
545	358
276	271
510	343
5	464
172	408
152	197
236	574
345	118
497	380
550	208
152	317
400	202
388	583
488	568
22	126
300	564
417	2
272	35
211	519
505	163
152	567
222	335
281	526
247	101
74	233
487	373
176	595
166	222
441	102
591	358
246	387
321	141
547	222
120	287
352	8
523	132
128	202
128	454
182	316
212	327
535	183
79	236
66	477
59	377
388	211
581	282
481	135
277	412
501	564
376	270
536	296
61	175
271	542
36	373
599	124
393	535
213	11
488	328
417	214
123	129
217	34
327	465
42	129
149	283
65	554
508	68
191	576
307	56
555	597
60	8
385	100
436	42
304	16
0	14
569	299
441	288
220	127
288	318
325	75
388	351
155	347
256	54
505	191
258	43
166	485
110	484
575	133
433	221
44	282
233	305
175	520
194	179
184	30
579	166
278	482
503	29
73	403
416	511
563	31
302	475
69	449
460	412
141	262
99	330
148	237
368	373
230	593
129	254
163	580
382	491
370	513
202	127
245	598
248	164
56	468
154	270
75	149
60	589
319	401
359	310
485	5
146	391
338	369
291	557
207	459
91	84
516	53
512	538
252	400
580	240
332	348
338	54
102	501
472	466
594	291
496	445
403	478
553	234
135	380
403	380
377	161
112	514
337	490
325	514
146	182
304	32
476	49
443	40
112	134
494	208
257	472
363	435
282	365
75	483
50	224
262	406
444	17
160	492
411	459
118	458
27	410
184	38
227	111
361	416
542	290
425	145
272	243
244	35
510	437
435	197
78	47
160	113
134	511
334	211
584	237
183	48
475	114
264	417
85	292
247	491
524	215
589	588
372	481
45	307
66	201
396	460
271	149
219	56
241	552
576	341
219	372
59	287
245	217
428	554
494	570
282	291
581	464
469	266
448	541
181	182
539	391
420	69
322	336
486	550
170	70
273	285
225	43
255	274
510	171
560	343
363	189
573	28
583	257
311	41
176	228
182	383
397	251
589	235
586	378
219	8
93	151
101	432
53	319
470	351
466	244
296	100
519	307
492	116
116	110
558	197
248	506
308	476
484	23
565	131
115	23
150	259
501	157
232	249
91	292
277	392
84	105
409	524
358	222
429	430
409	307
222	241
325	3
516	119
43	552
519	104
577	220
164	57
7	254
213	509
311	157
87	339
194	164
301	187
356	546
138	462
233	349
395	345
146	26
314	381
448	59
127	79
25	141
249	367
199	141
370	383
422	71
169	490
286	419
489	430
134	580
7	431
450	486
377	386
363	220
441	74
53	171
529	123
166	118
56	393
241	54
218	451
370	302
326	498
5	1
513	296
7	432
305	63
590	140
4	191
493	372
38	298
319	420
352	568
276	26
534	459
329	446
553	374
58	221
3	111
475	266
114	197
156	154
219	552
274	306
96	220
266	127
460	97
305	322
250	531
63	374
422	584
394	431
323	259
391	369
316	309
451	154
350	338
239	461
114	63
362	196
249	454
176	585
319	139
385	385
298	287
220	62
324	342
154	7
292	255
551	70
52	255
10	589
579	563
254	510
17	464
66	390
395	376
555	518
565	588
409	526
468	104
134	29
342	576
467	41
312	301
469	127
447	395
508	384
523	506
197	545
541	575
205	165
18	103
445	17
391	568
374	411
4	323
138	512
413	505
289	137
323	129
381	513
186	388
493	150
211	493
350	465
594	184
152	563
330	166
20	558
156	466
380	502
366	356
66	466
248	335
130	315
362	336
572	175
377	421
217	506
144	104
71	307
539	47
423	526
87	186
180	147
101	160
62	74
438	461
36	32
552	276
496	315
471	413
341	367
495	548
363	498
341	510
587	450
125	576
30	441
101	150
503	82
545	308
305	347
456	460
163	118
436	221
209	278
279	85
284	219
208	291
585	257
157	75
254	531
515	399
312	240
416	230
283	247
522	107
17	125
40	125
532	328
582	46
398	430
54	107
181	183
217	439
525	420
582	428
429	90
257	63
259	407
77	207
555	584
4	450
66	164
498	83
498	545
482	171
222	417
536	123
341	352
574	204
571	205
514	500
339	323
492	214
457	410
134	36
251	223
412	107
296	93
490	538
313	142
349	104
452	34
378	250
327	514
26	166
257	482
15	312
172	553
120	6
255	518
120	169
536	449
397	531
558	2
165	271
117	10
330	137
499	285
54	435
463	137
330	337
561	549
184	363
76	137
168	548
32	334
575	59
525	297
292	446
162	513
141	13
258	586
102	490
152	118
553	219
82	360
41	449
224	260
56	49
112	6
233	37
426	453
384	430
550	260
253	31
590	325
527	417
325	90
381	87
143	186
344	573
570	100
124	578
18	58
253	271
67	565
38	203
87	465
373	28
223	181
35	300
494	170
391	30
417	262
442	291
251	251
581	366
77	160
238	184
467	4
266	456
81	282
44	115
532	110
316	492
525	210
411	248
392	261
450	424
115	521
314	124
314	503
469	185
527	321
204	278
286	276
59	537
391	144
575	401
525	198
535	495
547	493
112	310
150	344
106	532
102	303
136	140
318	9
429	122
162	563
482	226
416	288
524	53
304	564
74	97
445	510
332	3
413	186
126	244
77	401
340	285
326	438
240	376
76	565
127	509
188	233
274	110
269	2
321	576
520	458
241	590
354	467
453	283
264	87
210	204
137	570
117	352
503	136
344	173
215	95
145	32
409	545
115	488
129	8
37	335
339	485
513	246
486	232
440	588
551	398
0	203
182	233
439	88
245	394
305	69
101	443
158	428
523	564
519	50
112	277
86	373
30	171
141	196
494	376
55	265
550	403
555	429
151	521
504	129
597	335
562	405
280	62
25	175
584	593
114	89
373	205
375	15
220	525
546	587
205	90
144	247
89	43
96	63
50	311
378	408
498	420
420	49
245	98
176	468
235	418
185	105
341	420
148	448
529	162
452	240
353	255
541	489
549	578
306	474
177	285
435	200
185	461
374	109
392	285
133	368
136	467
456	278
580	183
305	428
26	92
438	352
556	132
388	516
117	412
150	533
145	353
397	590
29	381
577	588
325	50
294	150
204	346
586	524
534	545
410	392
546	31
53	477
315	150
8	10
525	412
48	219
197	229
566	93
586	49
412	228
367	565
46	523
490	553
44	414
310	557
308	447
493	41
12	92
34	511
37	546
178	127
515	256
362	391
336	122
92	197
225	319
515	347
129	554
534	597
401	298
434	233
481	318
239	60
479	89
228	597
318	469
271	456
507	63
69	298
57	255
591	364
188	323
53	438
306	111
301	185
254	11
588	8
526	264
157	84
68	456
335	243
497	385
160	13
37	558
472	210
220	131
32	579
138	26
505	459
55	143
329	266
366	300
385	567
567	66
314	286
84	541
333	405
337	138
113	503
132	79
463	52
596	463
90	166
39	250
499	535
587	5
80	92
485	538
76	344
224	327
90	286
294	131
27	160
122	531
343	277
285	424
296	2
23	593
2	432
278	597
422	333
578	13
254	274
33	306
579	473
238	83
594	248
315	0
461	142
536	360
557	57
28	251
165	42
344	69
538	390
163	448
479	529
224	524
29	337
124	198
296	180
443	395
332	487
50	343
566	45
103	86
567	544
148	333
227	583
83	350
240	59
243	495
306	599
121	78
187	84
546	507
216	439
444	498
62	72
341	27
395	592
355	48
218	141
154	298
126	124
324	0
319	589
202	134
427	172
401	390
75	185
432	245
134	429
341	60
580	591
408	361
352	2
352	90
537	461
441	302
490	232
150	344
292	85
99	384
13	58
116	208
18	506
377	16
72	530
411	230
376	103
464	6
201	274
522	225
584	596
93	549
50	412
551	473
234	186
107	371
293	351
454	240
595	523
274	392
368	203
32	419
208	349
312	444
322	273
29	200
387	118
172	443
27	525
554	8
405	598
445	178
519	558
219	275
410	442
471	144
491	426
226	88
472	372
173	368
94	324
445	356
527	262
479	283
329	400
147	415
337	142
38	80
511	171
191	29
371	408
339	510
109	37
387	464
586	178
243	62
226	232
382	392
503	264
477	195
288	456
294	325
363	142
481	483
89	306
534	481
26	468
402	436
570	119
265	504
44	233
221	450
514	79
68	273
39	98
24	541
187	160
487	156
102	433
3	485
464	519
364	107
36	552
441	448
13	556
6	195
161	21
143	351
450	471
155	178
251	158
212	95
336	286
282	248
422	372
199	571
513	231
189	471
76	401
60	428
275	520
48	357
45	467
62	235
206	395
167	463
320	545
430	323
145	390
443	29
375	194
386	57
80	580
366	138
63	539
302	357
576	223
497	475
13	487
78	537
161	384
13	213
441	110
417	334
523	546
246	576
110	488
567	67
145	404
337	384
512	153
116	344
368	381
239	328
380	596
546	188
168	48
247	535
386	122
498	236
297	568
208	533
286	74
419	525
279	130
427	572
322	152
153	399
287	495
269	217
502	192
567	98
359	456
210	305
576	313
372	513
505	514
59	262
539	20
2	275
415	538
320	346
340	227
490	135
576	536
190	161
327	108
288	277
74	181
354	72
334	206
156	569
245	590
412	154
202	297
271	153
46	360
341	319
55	15
426	539
344	580
128	572
4	319
170	210
548	242
396	496
432	502
46	216
154	183
311	258
238	461
374	499
349	329
332	142
209	144
46	65
251	391
54	79
264	243
88	581
74	283
2	379
27	205
141	354
52	345
521	108
323	502
148	172
195	415
426	203
357	178
73	20
277	469
460	181
487	29
511	154
160	372
418	128
241	158
526	490
254	16
364	532
77	294
61	498
402	376
260	235
536	520
424	504
73	234
197	171
358	496
266	77
106	201
366	112
528	70
60	582
102	177
381	548
73	570
372	575
63	335
36	569
124	391
54	392
148	283
295	100
360	305
270	418
99	351
236	473
292	0
435	48
566	150
257	411
378	109
22	416
398	512
432	18
519	506
368	241
26	18
453	244
129	188
167	237
321	456
110	239
319	386
545	278
371	389
490	10
404	140
134	538
67	311
250	353
556	422
113	360
591	269
211	112
533	244
96	233
102	498
410	564
439	566
599	274
368	265
69	367
180	387
377	439
442	232
120	3
296	399
230	519
471	327
557	379
297	374
13	284
111	24
186	55
399	112
579	241
419	374
15	54
13	173
106	284
158	208
589	163
286	552
147	131
141	116
335	586
592	558
163	256
391	62
140	345
236	565
73	295
446	56
418	33
251	447
558	477
188	553
364	597
170	206
427	208
358	137
565	256
182	255
94	163
268	72
370	168
536	97
245	496
142	196
236	47
282	429
32	421
200	49
499	430
304	365
363	594
246	40
355	473
232	494
9	527
416	251
370	384
353	296
593	120
39	52
439	409
343	210
117	146
325	131
565	169
109	280
366	117
177	423
21	586
329	255
432	169
384	473
535	139
491	189
308	219
229	598
449	509
165	107
0	199
217	211
589	362
508	412
360	541
26	65
455	518
53	29
177	77
40	56
516	544
448	277
384	229
475	437
405	255
328	420
190	599
118	125
217	598
433	309
222	501
423	377
597	258
368	53
5	351
484	115
567	232
286	588
97	449
334	213
30	434
597	304
258	200
529	430
236	473
64	295
172	115
506	438
508	49
319	251
218	155
399	558
339	473
408	573
516	85
42	306
338	26
71	380
241	308
366	0
378	469
142	373
149	81
543	449
494	407
333	2
436	213
398	189
60	287
163	269
372	243
275	480
60	412
114	28
119	136
480	273
294	400
422	187
366	221
500	383
480	505
86	471
270	577
509	36
590	501
441	23
55	408
28	412
343	243
98	51
303	73
173	476
238	94
284	254
426	393
275	389
542	123
431	14
133	586
232	272
61	55
320	312
110	121
466	448
409	315
332	278
350	169
407	373
533	418
101	546
118	434
74	389
340	255
378	442
221	310
58	147
365	106
347	124
47	64
186	90
517	97
491	505
583	493
579	184
503	32
452	139
389	76
211	5
191	299
93	16
520	511
448	587
289	481
303	62
214	234
149	565
303	552
43	591
142	113
228	322
472	485
341	524
532	139
346	496
105	451
244	44
13	3
535	51
431	128
175	588
126	99
146	389
435	589
280	261
240	488
160	101
492	436
277	138
63	395
309	243
328	122
473	113
286	132
568	375
402	12
55	215
516	391
155	239
69	131
127	582
345	296
1	575
383	170
46	537
593	320
382	48
166	164
562	476
47	199
42	467
303	464
435	6
131	353
150	365
584	375
467	512
68	452
76	587
349	98
198	4
110	405
42	116
288	182
419	264
197	8
279	164
592	73
40	315
560	551
45	69
322	180
409	228
542	31
173	485
10	32
121	400
203	216
317	212
355	227
462	315
500	339
565	236
82	322
265	275
446	244
588	385
398	318
491	17
386	591
303	385
410	169
241	97
188	500
331	99
113	48
385	518
71	276
565	521
25	536
74	257
442	75
57	535
360	138
399	137
165	158
576	419
594	272
348	90
20	244
575	101
552	527
207	584
554	47
142	238
569	414
176	442
239	529
118	50
292	363
120	177
50	57
306	440
444	34
253	464
375	149
262	494
274	503
348	19
266	447
235	551
166	568
261	426
402	91
576	142
351	462
491	388
54	284
194	114
61	282
529	38
467	28
372	274
173	138
253	36
339	106
311	336
484	99
247	148
518	75
467	120
435	414
155	496
29	371
283	319
41	4
410	289
409	75
157	550
156	236
541	414
424	483
471	69
496	138
106	205
248	22
99	34
357	479
204	94
186	98
35	330
236	77
350	125
335	335
5	28
10	537
544	46
542	181
567	515
244	561
384	105
356	48
27	570
249	30
434	21
329	357
36	407
83	265
225	190
273	516
303	298
253	262
74	384
392	269
443	429
349	581
223	443
325	277
480	123
307	422
217	511
63	96
427	426
96	418
349	151
138	398
376	475
136	351
592	424
219	7
22	254
104	410
298	560
15	153
286	481
567	435
366	185
152	263
220	56
553	142
32	37
519	264
204	195
543	334
173	33
234	128
229	308
71	34
326	156
551	255
425	72
42	58
445	118
367	357
259	587
8	217
549	243
219	64
415	310
13	258
109	528
434	538
444	442
368	540
438	298
249	397
445	324
62	335
320	275
536	160
147	97
378	582
216	190
531	577
532	488
392	84
53	432
382	154
103	381
421	321
14	343
576	510
205	298
552	301
229	412
520	562
57	173
460	537
254	266
187	542
376	310
491	554
464	198
443	467
186	567
59	407
242	287
304	461
278	580
405	144
463	452
347	288
65	571
80	239
578	491
118	77
215	83
106	120
186	494
373	155
280	62
551	266
79	229
191	575
332	336
463	356
194	561
372	78
247	327
372	523
360	548
408	192
533	434
281	385
271	307
207	349
150	61
100	316
199	390
398	585
19	289
292	342
139	332
400	337
22	413
170	425
85	113
454	228
302	33
372	33
364	434
517	516
128	55
197	500
225	157
52	461
494	59
590	322
428	20
378	555
556	394
512	22
219	264
107	221
453	340
423	484
588	159
204	390
154	570
496	19
318	256
538	304
498	458
426	67
379	339
55	457
91	512
585	77
513	235
493	583
167	581
422	271
219	477
568	13
495	90
23	159
92	96
223	350
307	371
141	453
252	357
458	598
351	453
368	595
232	391
589	118
160	257
93	478
430	265
212	542
556	217
160	476
374	444
524	283
205	576
410	45
106	112
32	16
86	116
67	339
518	567
441	270
28	21
552	532
528	295
364	350
133	21
38	108
256	414
368	218
228	255
564	374
217	454
108	466
418	169
45	514
581	360
405	275
398	340
43	349
29	26
453	487
598	448
68	374
295	387
213	1
507	499
401	268
469	283
27	199
529	168
553	243
156	398
292	512
299	26
210	46
305	471
579	54
315	352
216	59
181	311
479	211
471	440
163	492
562	301
537	293
221	446
309	330
156	196
411	427
160	307
33	418
337	18
201	287
63	472
45	73
232	253
515	179
172	242
88	289
213	6
401	326
490	533
52	60
35	103
269	6
190	467
300	493
376	382
124	429
375	268
295	484
388	114
437	183
510	165
171	120
537	514
439	95
454	91
218	372
156	387
559	471
516	166
296	236
106	264
591	590
87	129
258	455
132	321
56	433
169	534
424	276
507	558
464	277
115	115
595	79
547	3
548	200
548	33
535	34
396	436
31	229
395	169
10	94
228	591
456	398
464	279
138	514
277	22
112	226
134	465
235	175
437	348
121	174
588	143
446	436
264	341
7	29
590	458
266	374
368	24
546	570
472	342
263	284
581	302
554	443
507	361
238	571
309	106
17	349
165	20
114	429
52	64
436	44
438	582
368	434
436	416
42	257
317	38
194	25
54	201
219	555
526	208
424	357
399	376
513	457
598	164
213	250
468	121
530	332
125	539
55	342
45	2
203	183
530	147
431	290
173	156
38	416
218	488
197	329
159	91
516	78
2	11
508	398
114	451
579	234
487	573
323	391
30	58
490	408
37	561
498	214
325	483
55	341
501	415
457	419
202	223
439	240
500	565
36	485
260	259
574	155
18	286
456	160
460	510
314	304
344	493
183	134
490	177
556	382
113	128
312	328
579	471
438	155
265	215
359	124
142	92
269	553
72	283
555	54
377	72
24	203
520	113
74	472
408	515
302	254
290	391
526	596
526	440
444	298
125	163
563	518
146	507
276	57
551	561
238	516
323	157
71	588
465	387
143	119
44	164
564	162
134	272
423	538
112	205
237	323
468	255
442	127
126	596
200	502
529	266
526	55
325	464
324	585
534	590
498	216
513	250
223	559
231	495
471	142
220	219
30	328
425	422
570	348
69	131
269	318
226	500
119	154
148	238
562	380
396	478
599	598
179	118
198	399
186	97
42	589
510	86
347	215
425	340
333	505
571	227
494	28
392	146
45	449
451	107
142	522
488	471
498	534
30	375
179	359
35	432
124	450
474	258
239	578
448	101
545	416
21	385
16	195
317	145
492	337
542	338
131	479
115	573
415	387
127	359
586	467
78	26
570	281
285	178
471	150
34	22
200	472
502	376
54	153
590	235
137	133
553	176
246	568
44	429
170	449
401	531
200	567
46	162
206	455
458	91
486	247
58	161
576	26
290	373
325	400
175	45
190	41
129	49
451	287
198	554
487	269
168	566
240	183
185	532
29	367
317	272
33	217
302	244
252	468
429	28
512	246
156	308
184	202
232	200
565	65
372	199
202	546
65	61
487	223
465	516
548	486
363	511
75	536
480	74
407	193
92	241
20	133
336	515
92	556
517	146
544	281
123	506
496	205
359	76
297	90
267	79
13	583
87	257
25	360
93	375
95	246
330	463
468	34
104	302
324	337
265	411
361	389
31	335
371	9
566	7
305	526
354	87
565	102
253	333
550	220
552	503
151	342
499	554
261	193
408	65
21	288
586	78
492	256
315	512
32	90
266	241
380	198
348	346
553	464
65	253
95	378
47	183
163	590
532	288
522	438
108	568
316	146
395	224
540	469
292	138
532	69
24	38
453	341
499	467
555	152
456	254
391	324
388	393
231	233
288	27
192	85
512	128
27	245
536	269
181	106
127	418
473	597
27	452
416	440
164	46
17	139
565	595
75	584
36	147
295	420
531	320
418	218
7	387
560	317
494	64
213	513
317	587
492	479
159	565
187	403
538	311
293	396
172	265
543	120
307	528
407	225
305	18
301	0
582	215
101	116
200	486
125	599
405	233
386	470
545	326
279	235
323	466
277	536
497	100
222	489
261	92
242	551
487	302
13	581
465	551
440	185
122	370
420	352
434	352
581	422
4	298
363	594
449	260
547	42
89	359
172	487
325	443
142	31
280	240
85	355
436	375
228	469
160	562
451	144
247	36
227	124
484	102
120	172
417	375
573	86
415	528
294	278
40	545
22	167
424	195
193	248
186	459
468	118
215	496
169	387
241	33
598	211
429	582
37	575
255	9
14	281
424	560
288	274
506	403
518	67
468	124
70	38
304	416
342	416
202	592
488	117
548	196
572	568
244	5
43	198
463	85
353	14
38	262
157	167
575	283
99	158
455	423
424	194
162	216
557	109
69	535
540	562
475	471
103	286
252	136
137	493
524	327
252	513
567	500
65	577
274	495
263	564
45	207
74	528
372	97
244	340
293	529
578	318
124	544
533	537
513	11
513	31
243	171
18	367
310	6
482	68
64	514
111	505
338	193
585	236
258	406
329	222
157	362
93	284
377	98
441	230
376	57
175	274
416	590
191	252
32	330
41	347
453	528
239	203
315	73
448	18
431	19
439	273
305	557
394	26
143	585
78	145
236	439
296	312
263	274
22	474
216	242
484	300
141	157
123	411
507	322
388	390
384	164
426	25
485	159
349	122
185	170
258	492
177	289
8	70
300	269
141	568
490	370
63	81
292	6
7	55
134	513
448	108
297	293
214	505
38	11
577	170
461	335
112	69
283	202
506	552
522	42
167	407
250	536
189	295
525	141
544	202
329	218
153	199
262	27
383	453
527	46
522	452
133	598
3	272
271	495
570	274
78	205
576	29
189	502
115	250
173	248
88	281
494	344
362	453
346	56
416	586
252	20
517	565
342	2
521	48
544	155
357	104
548	194
260	309
117	136
101	334
272	162
340	79
507	136
440	560
211	386
111	315
570	193
78	577
260	207
517	329
418	60
103	334
224	110
423	212
409	132
286	575
82	383
41	400
580	189
14	174
243	268
303	156
323	264
280	460
411	113
331	288
521	532
395	448
85	355
181	133
578	252
42	217
303	259
73	153
387	493
105	17
447	354
420	194
61	549
240	450
142	540
255	136
170	583
70	498
384	15
362	573
222	164
110	576
234	306
409	326
206	177
405	294
458	48
386	384
444	526
9	543
194	212
333	525
552	122
19	63
213	189
82	447
264	265
245	80
128	49
558	113
361	592
557	425
250	491
94	515
338	149
472	526
267	190
409	364
552	57
359	205
344	105
345	431
100	391
188	220
357	490
274	289
318	444
93	318
329	501
266	558
509	239
368	165
461	365
207	377
428	72
285	310
405	303
211	194
351	154
471	442
60	515
259	247
259	58
282	465
20	500
251	574
497	263
558	454
596	333
51	566
82	586
226	504
151	539
28	411
412	189
233	548
499	463
219	313
451	558
368	38
534	523
245	406
592	210
429	127
379	522
25	202
229	92
17	125
563	458
49	223
311	61
423	448
308	130
24	474
282	347
482	32
581	190
156	482
440	172
114	242
519	432
229	326
418	129
311	466
157	302
252	9
364	181
12	504
52	553
516	567
397	94
293	93
51	201
540	111
252	128
336	220
132	259
507	248
284	134
271	107
225	5
2	478
400	347
388	33
503	566
221	243
207	498
372	71
117	176
490	272
384	355
492	345
285	0
135	323
71	215
470	484
162	162
503	56
358	217