276	85
125	358
336	86
532	437
257	164
276	461
278	177
190	349
181	261
141	339
242	178
284	32
308	228
314	259
105	410
442	485
288	79
298	39
254	354
296	435
329	76
439	267
408	421
302	271
237	248
323	53
351	343
320	364
293	274
135	459
237	248
288	295
327	163
245	216
337	86
170	371
282	78
316	35
212	265
308	21
480	475
171	359
350	509
47	493
300	5
287	29
175	263
300	100
241	300
322	104
354	199
475	358
243	106
273	160
213	167
276	126
390	188
313	310
463	473
388	187
156	292
300	2
428	455
230	249
334	461
457	390
416	280
413	248
453	422
335	131
69	456
264	454
374	138
298	250
209	249
530	420
324	211
243	339
249	383
254	319
386	229
240	301
167	283
250	234
229	152
538	419
310	144
581	488
196	457
291	63
203	201
325	241
240	171
144	496
205	257
318	262
78	388
247	417
303	8
361	462
326	119
438	304
250	284
382	157
325	237
324	75
241	490
299	26
278	261
235	413
223	198
352	174
194	268
222	200
323	95
374	148
206	177
304	35
270	97
100	377
169	341
356	246
270	182
106	424
264	200
311	174
244	326
275	114
328	196
238	299
243	506
332	356
240	137
412	481
296	21
347	496
341	82
455	387
268	326
317	75
349	238
243	112
275	440
304	16
409	507
298	113
325	519
308	36
203	254
89	517
430	232
390	324
309	458
323	182
234	205
390	464
149	305
313	130
228	164
383	301
582	511
355	211
365	169
273	280
159	248
513	381
315	260
394	320
300	67
426	274
188	491
333	135
280	377
294	172
111	433
245	106
268	66
195	504
211	223
465	317
325	66
157	274
352	378
300	4
358	189
473	442
286	44
263	378
304	32
186	407
300	10
576	487
296	85
282	229
405	242
215	190
114	341
273	77
289	97
302	5
113	497
248	99
362	217
278	368
370	266
250	168
281	62
381	189
368	303
194	473
375	206
192	217
308	61
228	229
512	449
300	262
279	215
312	26
464	513
331	177
317	155
114	364
183	474
264	121
308	194
218	373
216	292
268	103
303	8
361	418
384	213
305	12
327	449
392	351
297	41
93	460
301	163
279	117
318	67
312	33
167	385
278	337
258	326
271	123
367	152
522	410
300	61
471	490
256	112
121	468
265	72
323	265
155	398
282	48
375	176
277	149
324	67
258	483
300	2
288	189
368	161
71	494
345	378
424	323
439	274
369	319
367	350
286	81
210	169
496	369
107	428
195	336
268	101
242	196
305	41
356	306
311	378
239	345
281	229
392	380
267	89
208	276
100	482
424	452
157	303
305	467
201	196
297	7
299	18
359	133
384	494
334	119
548	457
284	42
269	123
130	437
338	423
250	251
276	98
324	197
321	53
270	414
367	513
234	213
191	417
298	503
311	39
380	494
225	189
441	368
246	125
320	54
149	456
131	326
337	411
302	90
346	232
252	112
355	155
302	293
540	439
214	316
201	376
473	338
320	104
299	309
270	485
243	267
387	326
225	267
383	461
337	397
115	419
164	311
318	33
387	354
551	484
397	480
137	392
288	151
284	132
169	353
376	443
275	373
232	163
254	254
104	354
285	49
169	377
391	477
265	363
315	82
73	405
303	177
256	290
387	276
343	86
404	237
524	447
141	502
299	187
523	481
278	126
294	269
478	351
289	29
253	164
421	250
62	444
550	442
191	371
215	504
70	478
513	438
236	275
509	511
244	176
154	374
265	231
143	388
204	316
70	451
321	54
306	259
246	163
257	337
370	468
480	318
385	431
350	474
314	291
320	238
246	232
149	287
283	185
461	431
503	456
427	335
305	14
311	22
340	349
283	72
299	358
302	366
251	112
274	65
338	205
373	269
444	256
216	276
332	87
146	382
200	235
311	313
328	318
457	319
300	5
99	403
187	395
293	30
350	496
212	197
342	132
355	393
441	429
300	98
290	155
262	99
317	299
236	213
170	315
500	505
393	273
442	289
359	117
315	289
454	293
445	276
327	334
268	191
283	262
223	163
172	342
345	146
300	6
283	207
269	85
409	290
289	401
431	448
280	39
329	67
461	389
567	481
339	193
474	451
341	144
324	208
321	54
272	169
281	431
216	400
240	350
374	136
266	99
486	343
134	314
313	54
316	34
317	70
335	500
99	427
128	446
92	399
287	35
45	453
361	206
436	446
299	3
324	48
318	86
514	378
186	227
378	204
228	224
434	375
251	223
414	255
260	281
389	210
262	301
453	332
409	232
338	449
372	142
249	347
329	332
260	429
281	185
300	9
419	217
355	281
464	377
377	287
443	437
51	468
321	72
379	294
434	390
366	155
287	319
172	268
275	254
287	420
166	256
281	167
262	247
181	212
444	336
321	61
151	339
260	346
238	200
229	336
189	254
265	289
323	49
76	413
374	226
250	122
263	481
177	300
366	139
175	486
361	161
98	508
258	191
113	359
87	448
356	289
309	19
82	487
307	79
291	187
347	439
236	195
218	164
111	500
254	184
146	465
359	132
225	450
336	132
53	494
172	378
296	192
242	507
288	75
383	145
218	358
195	470
95	368
175	368
480	414
347	96
362	448
303	31
48	451
249	411
478	444
417	216
379	435
344	518
269	95
356	388
356	416
390	214
355	150
396	400
423	300
329	67
322	119
375	206
365	287
465	311
279	108
176	222
92	519
311	272
240	296
360	444
300	7
314	99
410	193
315	416
309	59
432	277
338	217
254	486
284	56
288	47
272	116
303	7
276	190
369	282
308	76
482	384
288	46
312	414
515	435
163	342
332	88
329	496
427	307
283	178
242	507
357	170
411	219
322	94
242	261
128	386
280	171
530	481
308	310
536	473
188	300
493	492
242	171
330	105
225	431
175	237
257	317
407	363
236	390
307	15
158	502
306	15
318	400
309	29
329	187
265	488
305	206
239	333
300	1
348	128
298	8
301	5
534	449
301	497
316	130
387	236
285	93
167	339
91	481
427	237
497	400
173	251
371	139
490	459
154	328
212	434
415	235
431	288
322	67
486	331
334	70
318	197
384	278
239	110
343	433
358	241
476	316
384	170
373	141
276	59
195	332
350	195
317	75
526	480
193	499
163	255
404	212
303	158
297	387
323	142
441	397
199	264
508	514
298	138
274	448
314	64
335	142
307	283
345	312
295	47
244	515
351	92
298	464
322	216
367	273
557	484
507	386
300	39
374	403
220	148
406	283
154	339
459	351
241	269
294	286
394	481
418	390
317	52
300	45
310	77
239	133
319	41
63	435
357	420
193	325
256	157
366	432
143	296
406	214
268	143
287	81
68	519
272	203
471	481
256	202
219	352
223	298
475	464
290	20
144	494
94	506
185	427
177	222
312	55
296	33
310	182
384	358
275	134
446	442
229	416
222	145
302	61
361	354
194	404
275	129
149	264
451	437
414	201
495	512
242	188
282	373
312	287
313	35
384	242
411	242
393	263
293	22
377	202
300	9
301	5
284	349
208	439
214	497
295	11
489	479
386	272
371	151
245	164
227	331
63	513
342	240
333	70
276	81
342	105
328	70
415	421
315	42
252	424
315	274
392	238
303	130
78	387
244	313
390	252
78	478
234	138
302	60
217	300
315	101
339	154
297	270
175	342
240	187
408	417
132	477
226	235
378	407
301	8
182	424
195	402
419	386
217	334
469	442
301	209
293	76
357	254
259	420
242	162
377	248
215	183
419	419
301	51
277	209
284	58
183	512
301	183
243	168
324	228
280	78
195	274
293	159
244	118
412	440
331	101
368	395
329	203
327	228
404	438
253	148
257	125
265	150
295	44
307	66
324	119
310	54
329	114
271	447
237	125
104	452
451	511
286	64
493	465
542	509
299	45
367	188
200	280
324	55
73	490
368	377
300	6
295	173
308	61
196	282
477	316
111	438
402	483
382	165
393	244
347	105
41	484
478	384
259	427
264	314
442	397
101	438
552	456
257	232
297	7
376	274
108	393
489	487
281	391
217	235
115	505
234	258
42	458
315	310
341	161
296	18
316	104
420	394
302	246
513	517
297	49
197	508
379	193
432	463
316	39
327	244
183	343
378	238
312	154
203	372
103	494
388	375
318	232
130	343
401	494
257	166
317	54
227	269
174	229
321	59
288	124
369	513
493	445
392	194
299	20
295	24
145	460
295	24
214	254
190	369
290	37
192	287
284	139
189	466
229	305
295	33
122	356
372	233
199	183
415	449
379	506
302	65
316	309
258	230
304	9
301	34
263	195
470	437
491	448
101	435
283	130
206	181
144	288
304	143
196	413
300	44
410	438
203	236
362	357
415	284
482	341
275	82
39	463
321	186
288	44
172	431
442	421
243	307
368	267
360	169
496	401
387	327
364	219
254	152
300	1
265	86
249	216
282	248
357	194
290	56
372	145
302	33
256	112
128	318
306	112
329	89
482	496
297	13
263	67
217	284
305	34
143	400
288	64
234	313
284	129
326	52
283	58
242	440
306	432
352	237
287	457
272	347
434	326
230	326
485	398
343	473
73	444
137	400
208	422
411	409
59	487
465	489
290	306
323	238
287	206
503	472
125	409
170	327
147	309
489	332
300	5
286	392
249	182
293	22
159	389
85	388
336	77
334	62
283	510
293	73
300	66
505	360
370	297
84	376
275	308
261	73
422	369
272	73
320	120
442	271
434	330
528	502
300	2
267	382
415	298
254	278
246	153
187	246
583	516
387	286
520	465
214	361
372	193
319	413
244	373
228	364
267	328
333	87
406	281
215	205
292	31
379	174
315	67
220	208
181	365
229	134
352	109
305	135
548	474
295	188
257	84
279	69
140	486
295	43
456	506
358	160
148	338
282	309
481	497
263	141
251	86
291	53
251	345
311	41
301	4
349	431
294	350
353	96
178	413
300	3
335	151
302	112
317	87
238	150
235	280
308	304
219	459
582	499
240	273
300	334
113	487
108	415
232	319
304	54
318	267
244	128
275	101
398	174
302	6
289	35
364	499
324	313
370	152
470	309
307	54
364	145
266	141
198	195
279	51
223	196
163	264
271	57
221	203
187	206
193	350
312	65
330	62
273	436
199	191
312	24
395	248
384	183
404	392
286	333
433	406
104	435
319	456
59	498
480	392
454	412
342	138
300	58
68	517
239	151
338	117
246	185
345	465
289	79
299	462
309	297
356	119
190	265
203	413
151	273
313	73
172	285
455	509
292	28
241	154
289	138
235	205
482	391
317	280
292	31
342	428
391	245
296	9
296	13
279	64
226	310
321	433
255	360
121	455
406	226
189	305
206	354
293	18
365	115
146	485
377	222
60	494
337	206
504	411
368	176
308	114
300	452
302	54
303	26
254	300
307	22
332	113
474	354
334	427
349	169
199	180
370	164
297	147
304	70
171	475
268	356
39	459
275	144
267	82
308	48
257	106
304	191
184	344
374	514
239	212
356	185
179	345
274	50
274	148
358	301
256	203
309	403
172	446
268	120
369	262
253	374
157	279
247	361
158	277
372	507
200	493
244	448
72	476
152	450
455	350
213	165
233	159
145	303
495	357
134	355
241	112
280	40
309	50
529	421
420	387
212	431
254	182
374	461
215	500
171	371
72	412
436	350
507	442
307	425
295	163
414	218
219	472
188	205
342	83
412	433
98	475
376	293
239	130
251	423
258	274
427	233
82	389
366	362
292	69
262	170
257	494
552	450
343	110
472	403
196	306
83	405
298	17
295	20
241	120
314	211
204	442
464	329
357	175
89	452
278	167
447	388
300	25
238	345
438	519
496	519
306	41
408	192
355	234
381	274
280	117
532	498
265	86
182	229
292	122
258	488
245	334
289	154
130	362
318	91
284	197
300	17
442	317
331	99
213	455
311	94
260	84
106	382
270	448
467	323
341	202
110	403
303	241
290	27
81	382
329	55
352	256
302	245
338	100
223	494
319	429
280	68
346	471
379	294
315	430
241	151
300	232
291	445
383	166
212	190
345	124
328	210
467	378
247	501
286	84
232	214
317	99
203	220
468	375
301	381
494	401
454	286
393	474
139	283
337	175
489	502
268	59
308	163
252	421
181	261
113	356
222	165
301	142
431	388
216	448
376	428
335	112
188	274
567	507
504	382
371	242
381	149
207	282
149	438
261	261
356	139
308	235
234	419
474	483
347	97
297	35
253	385
330	66
159	388
290	278
56	485
240	160
360	403
178	425
279	422
326	101
259	105
288	35
275	186
291	271
332	294
263	133
283	456
256	402
577	481
304	22
296	135
164	384
227	485
362	319
333	300
426	410
246	162
331	235
177	221
135	403
201	199
356	222
316	93
362	265
277	58
239	167
55	511
452	283
294	59
301	21
132	343
496	410
348	99
239	289
243	399
200	438
386	518
238	488
293	183
298	369
214	383
307	28
335	227
248	291
290	162
288	109
249	123
293	93
142	475
311	126
353	161
383	164
255	164
510	381
356	456
309	287
468	352
534	460
439	462
153	519
199	437
218	250
319	256
315	35
28	484
351	112
103	490
268	238
278	175
469	302
229	373
155	410
123	454
161	333
227	136
246	355
310	43
303	21
445	342
218	190
323	72
301	38
512	377
280	306
293	21
321	466
272	461
385	407
319	61
369	292
344	502
283	263
225	169
361	340
320	54
278	60
253	111
326	103
311	27
236	180
253	219
381	474
235	117
530	433
223	205
554	500
288	343
301	108
337	138
241	127
211	163
361	119
309	188
314	133
306	336
214	314
410	336
259	507
347	339
257	150
279	202
352	222
247	302
475	349
418	338
350	122
519	515
303	22
522	439
313	72
483	328
282	143
154	286
183	306
312	61
356	358
317	166
78	434
265	165
226	170
195	292
304	156
19	504
292	29
281	280
298	21
73	487
282	409
295	231
244	384
299	66
328	170
72	408
429	391
298	121
287	115
370	248
203	373
414	307
320	39
426	254
370	305
269	80
347	102
354	129
435	357
342	493
144	284
553	500
312	40
309	251
278	227
397	513
438	461
243	426
323	79
331	205
276	299
365	196
196	320
399	231
270	224
251	206
290	188
318	171
275	430
315	454
297	9
433	339
306	94
134	361
190	229
215	422
567	487
205	293
280	41
318	58
74	463
352	246
151	514
302	6
358	453
281	64
301	3
278	434
229	177
341	217
449	492
445	507
321	175
84	402
295	12
483	319
266	67
247	140
245	157
380	507
213	480
88	377
305	12
465	512
273	209
401	438
311	141
312	485
538	456
342	194
326	246
449	387
261	192
368	376
367	158
333	155
232	158
403	243
446	487
328	299
443	260
263	422
290	426
298	165
310	297
300	4
286	202
267	156
281	365
292	86
172	254
271	498
300	17
208	364
191	358
372	131
168	258
181	451
232	490
300	44
340	77
377	138
451	416
214	198
438	510
286	28
306	271
180	258
446	307
323	107
293	61
314	477
486	390
166	515
343	501
278	55
309	495
63	451
339	94
140	302
295	15
253	254
224	284
281	42
127	432
371	190
517	481
438	503
159	354
325	321
320	455
195	453
298	364
357	200
518	444
321	168
148	457
236	278
112	511
255	477
297	48
215	402
301	38
437	281
302	83
335	73
361	209
392	423
490	481
301	11
342	110
345	207
272	293
181	435
276	296
45	453
285	43
323	86
315	329
167	253
218	322
395	412
386	326
317	227
480	339
332	243
192	403
492	472
290	59
379	438
197	319
331	249
391	470
395	235
367	220
417	214
285	267
377	309
490	398
147	469
208	170
389	234
344	162
289	46
322	143
135	326
193	274
299	9
225	400
381	224
225	329
98	513
297	178
253	463
280	367
258	171
278	50
272	72
376	220
297	19
224	336
419	469
431	255
68	519
295	80
248	276
332	292
427	318
288	22
354	141
298	303
307	306
508	374
361	291
305	261
221	280
225	289
357	410
352	117
162	397
364	127
269	294
243	138
114	387
483	404
306	22
315	250
133	513
525	405
244	145
252	238
290	47
326	149
149	355
431	398
293	63
409	213
278	79
329	305
270	72
347	196
315	168
320	169
221	183
297	170
215	284
468	383
175	261
235	362
349	341
342	119
278	208
327	142
97	447
398	242
284	140
258	131
240	517
260	346
313	97
319	386
392	238
216	336
322	454
255	229
439	390
324	425
326	431
299	427
17	498
211	313
190	304
283	33
457	344
394	194
284	238
372	134
187	450
307	24
247	152
376	301
378	326
232	251
243	288
211	276
272	67
335	136
302	81
518	463
275	222
285	132
267	236
410	276
388	250
415	329
340	323
284	93
318	35
162	436
574	483
299	89
338	332
270	186
340	73
290	131
212	236
52	478
375	151
240	390
306	19
138	360
382	359
250	132
290	99
276	119
274	222
188	504
298	261
344	202
142	506
299	4
411	261
91	420
308	98
458	444
421	242
299	153
189	246
305	11
278	66
259	83
89	486
354	118
374	255
336	233
91	425
321	112
280	49
86	443
303	183
498	454
262	80
436	459
341	165
230	182
222	215
128	359
328	329
391	247
314	109
282	325
311	44
510	505
439	334
264	73
495	417
350	416
538	485
316	136
293	73
461	407
272	81
387	373
294	88
312	31
165	335
253	119
247	191
379	388
305	203
172	231
257	86
358	311
293	242
412	379
214	403
336	477
52	464
285	183
89	391
467	300
286	158
297	18
444	371
292	119
220	472
262	76
345	452
331	113
361	339
298	74
142	336
403	231
95	481
409	201
400	175
287	109
441	408
137	338
229	427
180	346
509	491
138	331
310	58
92	455
443	261
333	104
372	359
310	22
292	46
274	87
340	87
248	311
37	485
336	95
510	386
332	205
297	296
124	365
136	349
391	209
348	112
398	206
324	268
433	478
239	147
301	20
299	29
297	23
340	118
469	380
331	188
477	421
287	26
272	357
261	109
433	273
91	387
133	426
300	145
389	455
280	114
275	75
226	259
365	278
309	55
300	80
305	60
164	430
333	289
146	341
272	140
277	322
335	398
302	93
367	185
325	119
338	99
207	486
247	145
370	193
310	76
175	223
353	101
246	329
371	208
492	500
260	161
193	239
231	196
272	351
404	235
253	153
263	83
435	254
300	2
297	65
368	313
198	180
287	108
409	484
156	344
467	351
188	466
335	71
562	514
491	380
302	375
526	487
302	225
281	105
177	326
257	309
466	517
284	209
259	293
359	111
113	357
464	481
461	479
213	205
296	127
77	452
333	247
292	61
452	400
285	39
376	303
311	30
278	57
300	1
281	113
183	406
421	324
292	35
336	132
304	307
299	40
358	304
249	237
269	70
408	305
297	114
258	464
300	15
264	119
290	189
314	85
60	496
290	38
197	453
394	242
285	500
225	190
307	79
361	432
481	500
239	265
299	8
299	44
301	16
267	183
338	171
387	273
306	165
324	136
111	391
182	222
292	326
175	323
105	423
389	517
270	62
323	59
269	177
354	335
284	140
377	209
153	366
304	86
317	125
314	156
416	262
192	245
252	200
241	355
397	193
286	101
59	478
114	505
201	489
366	447
276	117
339	197
372	243
126	512
345	96
301	83
284	33
298	7
180	500
297	31
376	135
259	158
435	452
299	3
360	271
283	52
244	458
300	2
525	511
124	516
236	127
503	361
316	58
124	358
247	214
323	50
320	139
253	498
332	93
264	147
319	60
236	331
217	489
344	199
298	13
307	32
298	30
404	368
132	360
347	104
389	449
509	378
237	118
105	348
481	461
248	155
325	231
385	215
403	244
257	450
132	313
242	388
315	59
406	318
461	293
295	488
219	463
322	206
376	503
240	205
262	78
204	435
312	462
329	81
247	422
234	193
169	281
272	83
271	241
199	315
323	278
411	469
138	339
186	324
462	382
568	489
287	79
337	144
305	83
276	86
259	92
182	267
350	170
155	425
172	310
196	195
203	346
326	92
491	494
249	225
302	185
313	45
381	242
480	430
215	183
308	40
306	64
271	70
410	233
288	351
301	114
300	19
204	459
130	442
302	24
316	56
477	430
350	416
297	57
134	305
298	16
284	77
522	441
363	137
275	61
367	140
449	510
392	343
317	64
273	108
568	484
315	422
208	507
278	506
159	455
299	4
168	313
348	147
245	222
363	286
440	412
309	41
384	167
333	162
493	465
250	273
396	176
562	474
316	46
299	52
124	462
263	95
267	138
325	123
479	351
321	158
146	389
392	215
273	137
320	156
289	106
349	332
293	26
300	2
175	322
505	474
304	9
322	185
332	210
317	62
270	196
84	427
426	415
395	189
335	403
285	54
394	438
211	411
197	269
165	473
363	292
142	396
302	8
505	357
206	204
490	442
250	216
397	343
335	409
80	403
522	425
300	38
339	332
389	247
382	482
309	217
248	290
284	328
454	493
210	326
277	95
329	501
166	339
504	358
222	159
40	460
188	438
210	260
138	332
102	429
504	414
519	394
343	375
293	46
267	403
404	212
241	439
352	350
335	406
276	99
161	436
209	432
400	216
285	111
482	343
299	9
441	326
239	233
122	410
139	342
346	96
365	451
341	101
341	123
504	503
380	160
75	495
509	406
424	358
439	486
340	470
239	207
507	390
215	179
258	84
285	446
281	313
296	109
238	478
365	351
343	169
255	453
194	303
358	158
243	393
299	67
307	329
328	52
358	334
545	468
284	32
32	478
309	47
294	231
197	427
356	317
298	54
492	466
207	235
345	80
201	228
197	513
276	59
406	295
178	318
276	130
267	129
325	297
350	392
380	313
228	158
237	330
474	491
300	46
249	107
211	494
307	371
198	435
56	501
447	448
349	104
183	427
277	365
295	115
243	239
300	93
155	451
398	297
204	244
354	399
420	220
332	157
165	495
203	496
125	384
318	280
300	106
409	257
355	479
239	241
302	15
145	358
465	358
232	332
341	151
303	29
340	429
206	465
121	421
163	417
43	518
39	487
284	192
359	112
270	244
347	421
336	93
559	509
304	19
487	371
267	334
295	12
423	487
475	335
321	486
183	282
220	228
389	284
244	118
321	126
88	416
280	51
192	390
405	268
204	178
381	279
355	391
287	76
330	390
519	394
255	209
281	153
268	90
422	270
302	132
284	285
540	481
245	353
470	397
359	190
170	235
362	267
392	266
112	410
256	99
414	369
253	84
255	121
428	398
289	61
141	501
183	504
364	264
341	424
261	79
314	475
188	475
222	145
213	205
307	29
228	301
330	202
395	293
282	209
299	18
377	188
255	271
305	45
225	276
206	261
216	148
205	203
392	292
469	360
341	76
168	245
214	244
201	235
483	339
271	504
336	477
379	404
485	402
305	29
393	455
222	305
293	180
46	491
382	220
188	390
433	294
302	329
299	5
263	133
245	191
278	475
403	341
282	410
274	379
230	403
297	7
289	38
428	236
306	15
388	158
239	294
82	414
300	324
186	377
566	510
311	161
392	518
314	30
290	132
204	286
300	8
27	500
31	506
317	406
321	209
254	275
123	451
313	26
272	203
85	392
329	158
380	316
123	410
372	162
309	33
341	210
284	36
366	439
503	463
330	216
487	458
152	406
281	413
469	423
257	215
203	170
301	28
178	225
222	306
266	170
298	5
116	428
312	47
270	105
283	379
363	366
518	388
310	62
371	490
380	282
371	395
81	420
517	410
284	184
380	446
367	183
154	377
146	363
339	108
304	11
371	507
426	437
311	144
385	159
95	415
290	474
272	58
215	278
393	406
278	90
124	334
308	235
359	314
357	215
278	110
169	236
412	373
235	395
206	233
495	423
125	331
268	99
401	189
471	376
425	306
483	356
371	510
227	200
202	287
275	51
164	427
324	55
275	92
292	140
203	226
59	440
289	40
434	441
304	67
317	45
282	55
246	488
291	61
407	285
250	435
216	149
240	304
236	136
334	442
320	67
159	345
215	287
247	129
426	301
369	489
142	492
284	41
288	29
359	239
487	340
182	232
480	380
425	448
157	340
423	236
260	251
273	49
339	100
321	95
352	123
322	153
346	362
301	9
283	38
167	346
376	203
316	392
350	122
310	64
460	429
515	512
205	357
237	339
268	268
290	20
299	8
376	190
335	65
96	499
313	41
187	397
133	312
277	69
295	342
399	364
139	344
52	482
301	232
114	339
398	329
376	314
390	356
492	487
218	373
153	440
337	369
292	94
424	321
167	242
325	48
335	183
140	506
253	304
418	325
166	453
250	313
281	68
222	322
98	438
282	48
147	437
454	371
327	124
225	289
198	246
205	320
202	293
261	372
318	57
417	246
70	418
300	105
280	208
414	348
536	415
402	248
349	331
357	398
249	105
518	447
447	345
184	312
298	493
310	298
434	500
305	56
290	75
110	364
164	307
404	334
302	10
295	14
381	317
190	207
268	515
60	429
277	113
268	77
287	435
281	56
300	2
348	282
283	249
262	81
528	460
268	170
323	216
375	316
310	94
379	225
247	221
463	438
133	396
294	113
274	130
236	135
471	383
302	118
245	393
85	423
325	53
279	68
343	394
303	84
174	278
359	127
176	280
348	125
230	287
437	391
188	267
517	500
318	45
325	289
125	501
275	97
344	428
368	229
320	170
23	512
444	421
309	112
377	156
455	480
301	5
360	487
422	413
261	165
441	288
183	498
362	399
197	302
221	216
185	387
500	442
302	7
271	90
317	45
178	511
143	433
302	12
293	414
394	276
287	80
430	306
273	229
253	477
267	431
329	317
411	236
255	138
466	499
322	80
331	66
309	245
256	166
307	243
384	184
347	225
56	477
366	414
429	230
476	319
185	203
398	199
310	32
397	191
437	485
347	352
321	504
327	204
343	173
140	293
143	475
381	224
441	317
292	158
480	403
119	458
341	292
318	228
312	71
306	38
121	467
265	267
346	161
265	63
173	449
65	448
541	433
210	205
306	358
326	285
258	109
300	2
391	470
407	337
462	498
381	248
440	337
331	76
64	476
331	58
256	172
365	333
49	508
303	58
354	229
337	403
303	267
257	399
127	513
391	197
222	180
335	96
157	261
411	410
468	402
258	333
408	328
429	423
278	490
325	338
329	126
343	134
419	337
430	443
309	40
331	119
185	220
224	335
231	279
306	28
272	145
279	158
260	421
392	332
311	24
32	496
326	251
388	363
200	241
312	26
453	329
376	190
261	318
338	273
297	93
97	519
186	236
227	354
345	181
463	412
344	420
243	417
429	261
304	13
317	136
455	351
294	38
88	474
305	299
275	216
110	406
309	331
300	11
306	99
331	83
452	287
381	518
295	183
276	87
298	9
400	319
326	201
293	14
517	386
275	334
305	12
273	104
357	106
487	500
191	507
264	281
423	221
246	288
286	142
299	11
481	410
95	451
405	304
340	516
183	341
146	320
294	42
207	493
300	1
290	80
288	29
183	237
219	475
272	363
295	315
168	241
146	292
341	93
516	403
291	42
348	432
435	255
241	252
182	388
300	6
351	301
292	113
91	445
171	314
243	232
62	480
358	170
443	331
412	427
473	491
94	514
417	232
304	12
517	502
357	139
338	83
270	146
282	38
82	477
289	31
275	103
402	209
359	416
413	392
161	394
369	224
308	29
358	322
394	380
478	345
302	345
300	2
393	429
342	518
310	59
504	510
566	474
66	456
85	443
159	251
434	248
359	454
215	176
472	503
299	125
286	35
340	99
172	339
468	324
309	28
227	411
255	112
458	416
132	339
237	182
443	382
194	216
322	133
342	429
424	331
320	105
300	2
287	339
295	330
266	261
324	214
396	381
412	471
161	244
374	173
410	418
344	165
183	463
328	498
293	71
161	333
305	379
214	373
249	139
302	98
290	84
336	83
240	418
208	267
87	457
203	300
129	517
200	278
233	330
303	51
491	351
363	114
148	359
348	393
129	507
268	345
299	71
320	44
352	236
285	133
314	361
507	477
429	321
245	169
370	232
235	138
285	142
404	391
264	369
362	332
51	493
340	85
196	302
329	86
300	2
317	144
199	329
258	435
241	185
262	92
284	215
395	514
410	416
374	488
300	5
214	321
323	156
400	194
383	390
410	421
356	294
303	18
331	422
443	264
66	445
257	105
261	146
553	462
257	156
373	174
208	340
359	356
482	344
447	421
180	491
369	296
375	192
307	73
306	443
95	506
284	306
323	504
208	219
261	230
284	113
279	97
281	43
362	158
289	81
297	208
174	230
380	501
300	38
332	373
322	407
352	252
261	351
252	296
315	85
435	360
187	242
283	511
258	131
298	206
282	424
366	140
188	361
325	88
232	263
176	265
141	380
403	286
230	140
320	52
305	28
312	35
532	452
328	386
115	358
465	336
54	468
410	458
356	149
164	422
328	400
286	50
300	169
46	491
147	485
94	448
302	38
303	64
384	395
391	392
308	145
86	414
285	67
29	479
330	105
467	435
76	455
459	356
204	248
294	466
304	31
354	115
281	53
79	388
190	306
235	145
491	346
309	124
331	152
396	262
468	414
300	67
309	18
331	106
304	188
350	328
283	180
275	348
176	507
164	402
158	405
333	190
303	171
220	164
298	21
240	165
421	487
305	52
206	336
307	503
292	35
326	313
308	247
333	221
318	215
289	60
315	290
296	162
224	139
312	32
361	478
149	304
122	328
322	79
396	184
211	393
302	115
253	139
285	276
300	2
259	166
317	95
370	130
432	308
221	222
274	57
404	195
446	257
430	346
307	320
283	59
200	251
400	488
453	450
318	305
280	254
390	241
46	487
429	294
318	44
302	249
113	478
289	95
275	45
342	402
261	224
173	411
358	123
279	58
319	131
272	50
445	491
320	64
333	89
386	459
357	170
284	402
329	96
363	154
398	431
260	138
60	448
197	468
213	214
69	507
357	269
304	249
282	107
293	50
276	374
75	434
221	494
287	27
415	511
410	290
225	452
234	325
170	306
414	245
375	396
349	131
82	457
150	378
152	360
340	73
317	318
239	261
419	213
120	468
432	269
241	173
244	117
223	378
199	402
319	119
285	111
284	388
473	467
299	9
454	283
95	374
180	448
157	297
206	250
246	106
160	473
302	48
272	61
317	74
446	424
174	388
168	423
423	405
196	360
307	73
394	331
522	390
336	99
266	65
369	339
270	73
368	242
290	34
126	432
89	383
371	193
379	280
186	236
275	78
405	222
233	267
290	230
228	128
308	340
330	73
418	505
217	222
429	402
306	127
304	37
412	478
281	49
446	276
228	384
310	131
487	404
291	300
230	519
366	286
264	228
326	387
420	218
568	466
457	502
123	481
92	445
482	358
296	145
267	155
278	47
376	280
508	376
478	338
323	397
223	162
277	331
314	52
304	30
404	223
167	301
201	247
171	240
292	98
277	231
321	43
295	10
266	468
204	177
351	206
356	269
265	288
308	19
462	434
202	435
569	468
228	235
503	410
441	423
220	494
230	474
288	56
344	480
350	138
294	32
363	297
237	383
323	90
107	403
260	158
235	138
356	183
124	424
281	85
190	243
82	414
406	440
308	381
327	60
232	414
318	134
300	9
372	388
279	313
348	364
265	154
132	309
440	363
490	423
426	287
345	403
421	328
218	189
316	154
134	348
166	455
355	102
216	222
168	365
557	498
329	73
298	286
230	235
243	120
358	185
174	379
461	334
296	132
270	463
322	113
165	267
316	432
282	276
330	256
202	180
295	76
149	388
300	15
276	154
250	353
446	383
294	54
260	134
356	144
301	17
166	287
135	334
252	185
202	463
248	112
302	113
249	128
414	276
322	134
214	271
188	487
140	419
309	60
429	329
225	312
271	56
217	200
283	110
493	455
289	47
254	366
279	203
458	423
213	230
216	277
259	85
255	111
229	304
369	289
203	423
338	504
298	359
303	35
280	88
353	393
323	115
330	73
280	45
203	446
300	175
290	183
406	249
327	207
295	22
291	384
219	170
161	310
297	73
319	139
248	144
242	402
303	129
313	133
374	439
360	267
130	478
371	339
328	69
335	109
348	474
304	34
406	461
241	193
311	365
296	38
160	265
357	119
382	150
229	136
467	475
361	119
315	30
424	222
85	422
240	114
339	484
153	391
264	73
289	319
117	395
316	31
330	394
290	334
300	20
169	399
148	497
280	69
225	184
298	6
275	91
266	366
243	406
247	406
275	397
284	95
347	365
386	419
219	203
326	241
227	327
306	13
268	259
306	146
484	324
258	81
396	273
46	462
161	267
247	260
326	446
428	513
398	296
270	143
209	165
359	482
374	262
172	343
300	48
40	479
363	282
309	208
403	216
352	117
254	95
318	80
290	29
416	482
315	92
360	460
354	112
336	108
98	374
317	103
564	507
247	186
315	47
284	83
262	347
173	291
325	51
165	345
438	287
301	100
112	431
265	359
519	422
291	212
488	328
116	370
359	287
183	250
26	518
312	111
318	67
402	333
319	58
441	381
442	350
184	348
308	498
380	337
394	164
342	225
279	112
319	43
283	93
267	151
279	55
134	403
166	356
299	179
247	124
355	354
60	513
252	138
287	84
283	75
272	185
294	21
108	393
72	407
316	39
213	254
489	431
160	348
284	124
329	57
424	222
437	281
290	254
373	339
469	444
293	491
295	104
438	262
431	234
176	258
495	414
300	5
319	207
404	333
298	136
379	318
119	338
331	199
301	248
377	309
320	463
355	104
353	290
237	319
282	170
389	160
385	313
317	128
433	331
282	37
339	120
302	12
228	258
314	41
289	244
253	100
305	37
265	468
406	269
411	209
342	172
101	419
435	261
259	206
298	7
420	389
485	378
276	45
290	106
277	341
277	50
222	162
238	228
359	387
199	261
296	196
508	416
386	332
374	143
216	205
287	177
299	12
382	145
441	388
290	44
63	424
256	227
290	76
306	99
192	382
337	137
172	360
392	320
62	468
245	219
302	18
300	6
225	197
323	74
387	216
358	431
269	396
184	235
263	515
335	101
86	422
331	518
373	424
384	209
294	33
164	376
200	241
244	177
280	304
268	170
297	19
167	389
409	271
264	157
396	258
320	181
263	112
316	63
306	171
539	451
336	408
309	118
215	297
202	435
481	375
301	9
314	134
228	373
207	304
269	154
248	210
371	289
236	503
335	73
269	238
322	42
333	132
330	170
134	468
352	401
449	349
303	300
353	416
533	456
387	189
235	453
95	517
291	261
184	203
432	328
330	55
379	292
216	408
540	440
353	123
273	455
288	36
338	236
108	400
305	13
406	325
338	151
280	268
331	67
437	364
333	204
306	383
18	515
335	113
142	307
238	355
301	22
390	192
158	363
335	263
203	242
279	492
308	67
264	170
309	189
95	371
534	431
211	340
209	214
279	70
212	358
346	221
329	59
343	79
332	398
259	102
300	364
283	172
287	61
259	201
338	152
340	492
248	168
319	259
238	454
382	410
304	48
320	52
286	151
299	30
266	112
310	144
364	203
146	505
427	373
267	61
314	93
331	519
118	360
259	131
366	177
189	299
310	67
78	429
280	42
169	278
302	55
359	178
135	390
353	480
452	340
334	248
183	209
82	490
132	347
407	459
297	56
313	48
209	275
295	13
367	121
282	164
266	99
289	442
391	222
275	209
359	176
224	219
515	406
298	19
423	223
435	397
270	222
159	390
530	515
380	403
385	318
283	422
114	430
490	446
283	63
188	474
295	35
321	127
413	295
354	216
298	13
264	99
283	32
175	384
339	182
116	344
521	455
276	114
374	197
431	385
199	206
395	477
336	110
98	385
366	494
299	24
241	149
272	190
187	240
413	418
308	83
376	133
300	3
277	376
316	203
359	354
350	292
227	222
336	72
327	50
148	442
136	456
390	199
329	97
501	412
287	324
357	382
274	474
442	351
236	285
8	519
301	116
135	395
237	195
357	117
293	22
145	390
321	87
481	369
306	66
372	186
129	392
296	9
301	17
256	125
283	150
425	257
244	127
326	130
363	114
207	451
347	112
480	516
330	202
334	301
274	388
110	479
367	177
263	339
246	318
184	486
302	346
331	265
299	185
509	439
434	238
408	317
196	485
250	331
471	302
354	111
298	15
308	168
266	254
201	371
265	136
276	87
114	364
132	319
422	227
177	282
467	306
293	451
479	502
541	484
460	302
390	307
148	358
561	494
346	175
280	352
399	231
276	108
516	385
293	34
286	313
346	153
316	30
207	284
231	232
340	258
295	15
379	340
479	329
350	106
151	498
419	293
465	339
249	99
344	267
233	267
299	192
289	502
444	429
217	365
317	137
580	489
184	331
408	208
286	45
321	154
243	129
295	468
231	445
353	93
57	448
402	252
348	425
358	242
146	446
319	313
450	416
158	272
259	441
228	425
83	426
279	439
322	82
308	22
265	146
41	468
121	430
356	202
259	138
247	183
176	409
474	406
327	286
423	390
411	451
316	61
239	243
322	54
339	138
285	54
381	244
341	86
291	37
375	507
356	207
81	500
403	264
292	33
370	369
234	398
112	398
452	381
335	141
268	77
410	195
312	32
258	280
194	201
341	254
303	342
311	197
240	154
229	222
430	486
311	26
300	146
300	347
236	314
320	339
539	478
305	33
313	253
179	407
541	461
566	509
385	374
288	37
310	67
382	179
306	71
261	164
249	182
295	16
267	198
405	393
252	105
374	132
329	55
384	414
270	85
309	208
314	309
300	300
392	313
277	112
226	455
222	234
259	75
158	467
567	493
331	107
284	53
264	412
555	462
300	9
258	124
375	252
348	138
172	339
177	259
54	453
222	292
170	254
435	374
61	420
300	254
398	271
112	358
445	362
438	429
266	71
117	351
248	181
334	233
336	212
295	14
220	142
291	62
291	190
298	6
429	383
541	504
306	29
243	361
425	275
139	392
314	72
285	371
223	358
274	297
289	164
451	383
227	228
432	319
550	456
327	113
455	338
478	393
255	290
452	293
434	417
294	28
279	114
232	227
226	360
341	108
415	256
78	486
310	138
280	93
314	268
298	12
180	363
155	419
428	248
244	181
294	15
185	276
266	349
319	43
315	53
333	92
276	495
265	164
334	84
483	514
302	199
202	470
339	176
42	494
242	288
381	157
376	447
143	309
102	457
315	76
254	283
363	279
305	118
233	401
280	204
210	372
209	207
317	61
343	146
314	41
243	190
293	48
259	283
384	435
96	388
291	44
238	132
181	293
300	43
299	28
519	439
212	267
301	407
212	179
305	13
213	186
223	151
213	500
309	52
268	258
276	487
219	465
256	293
306	14
264	70
338	402
282	64
132	464
138	300
418	435
309	35
328	213
424	401
52	507
311	101
299	182
422	364
314	300
289	105
145	470
378	259
258	165
351	230
291	62
204	293
379	229
188	519
235	519
328	91
300	57
121	385
456	287
276	124
289	189
303	19
295	16
253	297
429	242
352	131
384	450
429	317
219	334
333	123
28	513
359	183
234	313
311	332
45	474
321	324
488	512
220	287
383	167
279	280
309	158
365	314
271	67
344	161
230	199
353	193
186	229
291	400
337	342
339	170
231	184
376	473
275	91
283	407
305	75
294	53
332	269
218	221
217	154
383	406
434	273
93	509
314	179
311	47
322	40
318	63
238	137
405	201
189	320
323	206
451	435
147	413
298	43
282	41
297	80
260	234
306	59
455	340
192	426
239	335
407	438
142	387
200	418
309	61
290	29
176	221
248	179
298	132
133	462
300	172
301	118
256	169
252	145
198	519
53	438
264	92
376	188
361	359
445	305
103	421
372	320
310	162
250	135
490	435
248	150
274	88
276	252
369	251
426	448
284	468
578	498
313	73
137	376
109	372
377	313
300	2
431	319
365	177
333	202
215	301
295	61
300	1
374	312
380	384
544	445
314	282
135	449
471	351
332	151
290	54
284	31
212	190
243	222
146	407
367	356
68	493
356	496
298	15
386	205
390	441
69	410
305	22
206	387
438	481
373	325
268	69
99	516
387	457
386	209
293	64
327	172
306	45
368	192
166	348
303	421
310	280
297	110
337	112
240	252
487	395
154	343
58	499
277	95
262	435
131	300
132	328
315	28
316	38
120	488
270	317
503	408
161	457
284	71
323	324
300	27
323	138
302	5
268	145
182	207
253	371
248	192
325	218
348	254
241	185
300	13
317	81
209	350
244	449
186	313
510	517
77	456
409	244
365	294
324	43
192	273
177	263
348	122
107	491
337	334
226	430
29	485
251	325
303	9
355	360
188	237
87	519
218	341
513	454
152	389
298	167
216	365
258	181
324	435
325	262
233	417
315	120
290	54
366	382
261	173
368	203
301	8
190	442
168	279
443	427
277	211
373	519
387	185
279	110
248	119
254	455
94	417
357	433
353	163
86	416
301	14
284	133
573	498
290	34
226	240
194	300
360	150
298	312
361	192
309	407
310	494
374	248
112	428
320	147
438	339
336	96
180	469
399	242
259	261
105	376
136	380
207	206
241	144
213	518
403	183
229	406
202	186
216	176
354	128
473	404
202	342
351	145
343	484
223	257
278	87
278	210
288	364
292	176
310	27
48	480
336	230
382	461
309	22
335	372
367	125
342	427
244	200
441	351
289	464
278	351
376	406
384	148
107	465
294	465
294	21
194	248
318	34
462	305
116	339
79	507
207	497
302	7
343	404
289	180
353	261
301	35
404	235
171	234
327	106
299	12
255	99
195	313
427	324
176	423
291	25
319	445
321	57
322	181
130	326
358	371
315	73
303	11
542	453
407	379
378	323
142	396
417	412
338	70
320	420
432	495
398	270
267	90
198	306
300	7
364	339
194	233
232	429
292	124
321	286
446	280
270	206
452	437
323	91
382	169
504	484
310	55
228	335
409	275
370	313
363	438
322	125
413	246
326	379
395	406
338	73
240	261
270	180
183	342
392	360
221	422
561	507
325	99
293	301
133	402
302	39
426	221
454	411
417	210
300	106
204	330
308	174
328	64
359	277
296	13
367	140
231	466
206	166
280	309
365	151
295	27
469	410
379	405
306	64
222	171
290	22
297	48
81	453
382	429
313	231
131	356
254	415
334	281
277	395
478	453
129	332
493	387
380	148
458	506
338	274
124	324
407	269
311	35
424	326
128	468
358	248
362	413
255	423
228	231
258	157
321	246
278	467
362	146
384	242
400	514
265	182
126	476
361	493
283	174
300	11
291	115
293	87
275	163
238	247
362	491
247	434
323	117
201	193
290	291
286	215
176	291
277	197
164	320
286	93
525	455
274	518
322	60
338	212
175	242
290	401
285	168
114	418
348	209
249	136
212	165
329	351
266	278
230	245
299	22
401	223
432	283
163	309
490	351
282	42
357	364
316	164
135	313
199	294
390	384
223	226
306	14
422	298
438	377
232	180
324	93
244	487
238	257
294	23
423	472
293	27
269	153
124	474
259	100
193	392
330	222
402	264
300	4
292	512
314	73
456	328
174	330
308	396
330	127
292	235
127	335
292	119
262	198
300	12
365	435
444	334
275	120
251	429
296	348
142	498
308	45
413	281
323	53
276	92
302	45
202	441
255	94
158	396
456	289
233	242
331	134
316	339
294	27
327	71
287	55
298	231
319	119
247	288
296	384
184	236
246	390
221	445
350	313
287	400
333	65
183	382
429	232
287	64
158	398
300	2
222	237
338	332
195	195
513	504
264	127
239	274
264	94
409	214
305	288
407	504
251	418
292	78
283	86
172	241
83	519
391	317
236	446
475	515
271	445
46	511
551	519
212	262
442	334
374	199
237	359
150	456
126	371
209	204
316	33
341	257
250	111
375	415
299	4
382	159
300	468
336	268
491	418
204	407
361	248
302	19
265	259
439	509
245	128
360	151
122	460
313	475
221	469
267	393
9	508
284	149
157	260
379	152
431	423
199	219
140	488
363	119
411	385
252	237
318	251
335	160
381	228
287	77
216	288
197	419
320	131
348	99
290	56
325	176
372	263
271	273
420	358
297	123
315	116
340	150
387	253
287	47
305	86
301	56
352	109
294	119
237	183
261	161
266	383
16	506
113	331
332	119
476	420
423	518
381	201
303	79
225	376
137	434
539	517
294	21
400	456
303	191
397	273
353	129
189	289
305	125
397	379
470	304
279	345
217	175
460	429
324	82
291	201
177	339
404	398
249	150
554	496
454	319
354	229
291	423
356	279
450	418
238	388
293	68
288	229
156	334
392	212
295	60
62	422
254	274
262	321
367	182
366	208
454	413
249	461
267	216
128	413
416	209
257	277
257	283
160	384
159	262
305	143
390	177
336	183
354	95
462	316
290	39
281	54
178	445
306	503
319	39
264	358
397	280
324	112
304	9
381	212
240	222
390	332
215	504
308	414
406	239
430	308
264	327
135	324
345	479
275	85
303	178
229	203
264	71
172	294
139	372
240	508
447	416
290	35
354	271
443	405
265	317
197	391
415	337
352	115
92	513
302	54
300	1
325	133
254	372
279	80
472	490
271	301
565	504
145	364
305	201
285	72
186	358
300	33
201	343
259	225
285	177
429	372
431	384
304	72
315	96
463	455
311	48
270	304
586	500
173	306
441	341
288	155
306	79
291	73
315	57
185	262
341	507
345	174
358	183
409	267
275	289
347	463
216	201
55	494
83	497
238	510
293	28
273	119
308	123
278	86
358	280
114	386
304	16
391	170
299	286
386	216
298	329
328	61
182	500
166	308
225	458
177	389
75	417
278	151
206	243
295	10
148	449
456	366
199	367
237	270
265	261
323	282
263	264
369	150
298	30
346	322
351	163
293	41
305	314
236	297
224	286
405	493
307	235
331	83
319	85
377	201
290	43
398	447
302	33
360	177
260	103
209	366
173	429
298	190
413	304
531	410
369	183
284	101
263	119
355	118
272	353
289	34
114	419
278	364
300	2
338	299
242	106
248	468
405	344
158	478
280	210
111	427
373	191
281	50
296	180
488	366
347	253
363	186
391	271
347	233
219	470
286	170
161	439
271	286
330	321
304	138
370	377
332	492
310	35
245	176
325	58
270	209
359	137
332	355
382	183
326	190
311	25
237	451
250	364
216	277
92	371
363	265
193	253
270	209
270	134
303	65
129	468
294	288
366	241
354	232
297	439
294	22
317	212
278	77
112	487
284	425
421	450
338	198
224	384
274	185
301	112
264	426
248	216
133	397
404	413
356	518
516	416
359	382
286	158
340	470
333	293
289	439
441	351
195	451
307	52
210	199
268	250
187	292
294	19
350	513
399	203
252	461
288	93
299	515
416	348
401	428
120	403
270	87
422	243
377	251
281	37
233	125
308	16
306	300
290	193
400	461
70	487
364	179
224	400
195	254
379	243
323	299
285	114
371	347
354	387
338	85
170	240
267	78
282	125
300	33
481	466
349	155
161	374
481	410
271	179
233	215
311	24
333	257
265	66
294	25
483	376
194	196
300	6
211	216
322	72
143	398
297	36
483	476
225	166
296	353
117	396
242	394
134	460
494	382
262	84
307	165
168	500
142	319
338	164
323	276
205	506
297	68
34	503
260	72
384	167
383	349
387	458
121	467
365	303
274	163
373	137
94	406
438	492
104	461
478	370
302	20
79	432
280	141
349	87
139	408
235	447
331	205
233	322
226	154
291	428
281	517
241	326
404	200
220	225
410	402
494	407
289	375
287	37
300	15
486	458
229	175
245	243
277	64
385	234
290	397
292	17
314	32
247	377
133	328
535	422
509	381
228	327
416	419
353	326
152	357
269	129
323	99
301	132
300	231
327	80
300	1
412	464
442	373
212	274
300	6
176	264
209	337
517	427
248	158
273	517
220	372
97	510
550	469
343	191
378	211
316	30
391	325
344	327
298	88
134	492
296	50
226	431
299	16
307	106
301	4
375	345
432	334
364	254
250	211
520	405
407	490
454	441
293	105
343	314
63	461
181	209
280	43
301	24
285	371
360	435
277	388
206	340
300	2
318	154
482	431
298	21
359	246
297	70
403	483
292	45
233	336
304	118
293	19
196	206
394	196
442	420
398	198
333	224
428	439
369	382
262	125
159	423
314	119
180	508
277	170
132	358
227	222
353	455
248	198
404	258
229	125
300	31
188	274
264	129
165	398
331	67
530	481
76	484
258	109
170	290
282	53
331	81
276	156
186	387
228	294
297	13
328	125
417	291
314	29
271	242
162	251
319	164
217	175
474	432
511	395
255	99
236	190
342	395
150	312
270	174
315	251
358	372
220	330
273	468
351	171
333	419
545	434
346	364
249	307
436	241
219	186
318	118
500	476
488	502
174	499
352	188
278	415
354	291
313	300
292	48
289	102
138	355
412	203
338	304
425	234
61	463
288	35
320	143
461	406
421	286
266	123
168	418
227	380
349	150
487	423
193	307
332	361
274	50
309	51
300	257
329	513
289	374
199	446
245	359
330	61
311	79
51	475
126	404
317	327
303	61
175	307
306	365
434	240
331	136
261	416
350	145
200	312
302	306
298	121
342	133
434	416
251	137
394	415
452	407
184	401
288	22
301	136
327	66
330	71
300	37
236	346
402	270
463	330
277	43
355	129
302	9
233	215
381	323
296	408
293	14
167	315
33	509
322	263
277	319
300	323
374	136
319	35
249	199
134	316
333	80
410	292
161	314
393	221
294	187
380	200
310	47
208	331
336	154
233	380
266	112
271	73
325	127
274	472
270	73
120	469
330	304
273	347
199	397
207	466
236	416
164	327
341	385
337	448
278	68
300	3
456	390
328	69
308	455
83	464
261	190
558	505
401	190
251	182
277	122
262	110
354	253
410	397
411	332
260	91
214	257
340	126
350	479
416	302
184	469
228	161
127	455
398	311
195	267
198	315
265	193
288	74
94	497
280	37
343	143
234	177
266	438
515	412
249	313
424	217
466	336
308	499
299	5
200	440
299	235
308	44
342	204
302	488
267	186
277	261
290	48
189	237
302	9
443	411
372	408
108	415
346	285
283	103
360	460
230	177
464	461
370	320
244	299
284	98
343	371
321	398
436	433
302	47
352	286
356	99
208	332
447	264
63	433
131	332
289	70
248	186
418	393
333	182
270	357
241	209
249	217
279	161
246	283
403	207
502	459
376	289
300	484
353	193
390	158
546	461
309	106
349	217
124	323
475	428
279	512
261	171
369	215
358	383
253	151
218	454
290	321
333	74
236	209
75	506
377	513
248	96
248	409
263	101
313	111
80	402
306	28
310	38
378	184
294	12
200	219
351	418
155	316
297	32
299	502
414	507
471	335
303	46
176	313
258	247
214	506
336	121
375	315
343	161
297	37
361	382
262	97
300	2
225	222
293	41
274	487
381	182
247	358
275	137
347	110
522	458
282	235
271	93
520	400
398	207
294	78
333	281
441	253
291	203
300	33
124	339
284	134
352	388
288	57
449	427
420	328
403	269
414	218
363	195
176	224
339	84
391	286
172	274
385	392
265	69
391	199
299	4
290	56
313	37
291	35
285	158
300	2
206	206
223	505
229	283
58	506
260	235
428	322
148	494
314	35
319	63
377	236
291	47
300	1
316	49
312	84
67	452
303	85
185	267
322	127
330	187
487	396
298	6
359	222
236	334
331	445
227	213
275	145
347	216
445	255
292	326
273	156
299	4
362	325
467	376
324	338
246	138
324	176
481	380
193	326
466	433
90	372
319	58
28	487
264	435
353	471
360	291
154	432
280	193
289	24
517	461
448	416
212	365
486	459
300	75
373	474
118	495
291	452
364	235
359	127
395	266
347	118
362	192
291	441
187	219
378	193
300	1
389	295
81	484
268	120
260	170
300	253
257	239
487	486
111	350
305	28
512	474
273	177
169	347
333	66
305	21
274	86
299	6
332	120
262	358
565	466
272	476
359	513
306	200
156	437
357	364
131	446
305	259
121	326
371	172
207	200
197	273
288	55
290	53
355	99
400	440
358	454
101	363
444	500
544	491
308	123
300	69
197	204
407	231
359	245
334	332
288	48
376	416
295	311
300	22
301	18
297	11
264	364
206	319
130	422
373	276
281	128
310	61
243	196
338	511
308	345
299	395
392	379
261	155
205	489
464	336
301	22
300	50
432	334
327	177
243	433
285	56
268	138
255	343
292	15
280	48
316	242
279	41
514	453
299	60
395	172
303	77
241	306
316	61
376	171
290	84
289	207
299	401
81	462
314	35
295	326
210	451
302	51
356	516
569	504
300	9
354	320
310	153
323	130
281	58
260	111
209	389
123	396
297	25
451	377
332	154
352	123
219	261
386	151
313	80
257	125
267	71
242	161
169	299
300	138
485	337
132	321
341	232
300	300
445	261
264	120
434	326
453	378
308	221
537	447
200	464
249	142
495	424
300	80
366	138
347	405
218	185
325	183
265	77
405	211
275	49
214	280
197	353
325	73
299	313
407	189
300	10
260	262
368	162
286	31
295	143
183	221
210	477
300	164
338	67
363	234
297	17
274	118
253	229
437	394
262	489
302	31
384	409
218	223
410	423
331	490
426	309
332	519
322	87
234	138
246	327
513	479
90	506
353	94
296	63
289	44
310	282
524	436
291	236
231	477
296	30
281	506
525	423
147	484
425	346
306	17
251	362
319	61
80	499
256	353
332	380
518	397
113	393
314	35
381	228
315	234
349	464
396	461
468	351
305	331
153	294
326	125
296	27
253	454
280	130
187	274
323	375
353	135
357	112
322	135
502	464
371	393
353	125
286	36
359	292
469	390
291	210
207	195
266	74
381	144
429	280
327	68
386	297
276	84
314	124
331	212
300	2
188	203
182	511
304	17
102	370
283	98
286	28
463	320
256	344
282	99
240	393
161	420
325	122
459	280
214	205
317	216
332	73
375	368
316	94
153	490
277	42
165	365
178	426
162	382
459	371
194	334
446	351
43	507
481	425
226	458
259	169
498	406
276	67
358	163
508	469
144	345
376	245
311	101
486	364
424	389
310	395
392	205
192	511
366	293
200	298
81	391
313	268
229	274
268	453
38	481
464	399
348	493
164	428
350	330
225	450
333	152
457	507
178	511
302	8
399	468
322	174
263	177
505	366
382	191
344	107
366	158
226	412
146	313
204	216
138	352
339	254
294	63
212	211
241	190
98	368
206	216
283	164
379	177
450	271
318	92
302	6
486	435
268	123
263	386
191	342
349	93
548	460
75	430
335	187
281	54
174	367
300	271
191	509
312	22
307	144
359	195
439	376
226	407
327	66
284	189
510	390
340	99
375	178
279	330
209	163
306	255
399	175
322	213
333	356
444	435
293	486
361	462
273	94
256	307
275	279
433	473
242	121
270	130
165	235
343	299
129	484
209	206
241	125
320	61
240	145
469	377
250	309
498	455
499	426
280	124
306	313
311	154
273	125
375	509
308	397
212	327
368	123
195	267
198	505
298	156
298	390
299	180
368	148
300	93
223	353
246	189
148	429
289	48
314	164
286	456
359	176
246	122
502	409
375	140
232	262
280	151
300	99
259	372
321	311
365	301
290	275
260	281
352	203
203	429
307	28
358	463
180	513
408	447
342	494
300	166
258	120
150	456
291	30
132	474
285	328
298	407
503	364
372	485
354	269
411	239
358	259
106	377
196	216
336	172
247	200
286	48
267	455
442	295
230	211
225	157
398	382
325	114
253	211
411	509
481	360
220	425
428	312
252	346
275	73
380	151
420	244
362	116
290	209
283	218
214	241
289	75
314	120
226	244
236	173
329	257
310	159
78	445
300	1
317	35
161	406
339	134
376	306
349	117
498	368
434	492
305	433
336	287
401	282
298	6
289	35
332	519
291	28
263	448
379	203
311	327
240	304
332	456
411	482
294	258
271	235
435	518
285	28
452	461
290	64
287	267
239	281
280	78
340	468
344	449
308	23
355	320
225	481
529	435
290	44
400	381
433	233
272	300
110	338
504	388
500	362
376	445
327	161
284	61
246	414
388	234
270	222
197	403
293	254
286	173
524	465
285	181
281	221
365	167
350	205
354	339
266	84
471	438
298	276
182	261
211	471
83	504
375	254
237	452
489	472
276	109
289	27
328	80
478	345
344	277
533	488
266	364
305	106
441	306
427	370
413	222
298	5
327	329
329	487
167	432
390	400
358	115
178	438
195	309
208	192
260	175
411	507
341	365
206	304
307	52
331	176
445	297
294	56
374	149
317	127
300	46
434	236
191	252
233	292
173	514
151	333
300	100
204	280
174	406
124	493
152	325
232	242
206	190
314	113
387	182
351	93
303	279
348	93
257	156
233	404
322	321
68	479
367	142
295	49
94	487
499	406
300	21
323	101
30	510
473	437
316	260
254	487
250	499
282	325
299	349
372	401
337	369
291	48
228	364
307	35
215	276
326	211
155	272
413	335
309	232
248	127
329	157
327	67
324	133
249	284
318	138
229	334
371	166
400	244
300	30
360	277
294	196
252	125
289	182
192	464
228	333
274	510
327	99
173	323
501	394
323	201
384	362
413	238
177	266
300	1
252	377
160	421
482	434
266	200
313	45
225	390
211	442
267	292
248	256
371	178
315	152
300	1
266	72
278	48
308	19
257	435
377	246
313	293
377	146
142	373
108	414
430	271
408	243
142	278
295	16
302	7
301	296
453	505
300	218
457	472
323	91
290	234
256	145
310	216
335	128
330	122
197	238
299	417
370	149
300	15
325	179
105	339
255	111
293	169
257	176
463	308
465	467
275	57
247	279
244	99
327	174
392	376
188	276
296	128
395	194
319	139
269	64
329	151
277	242
209	180
301	177
160	262
314	414
342	474
188	264
307	185
321	48
459	362
322	56
184	442
423	280
364	123
355	318
41	513
399	399
308	91
293	378
401	519
546	494
309	41
272	125
323	277
283	146
314	172
160	397
340	87
271	57
473	362
295	16
363	421
98	368
444	332
543	513
541	422
271	359
298	208
331	109
133	346
395	287
357	196
272	508
270	63
279	174
462	518
256	321
286	211
155	315
258	104
337	377
339	84
207	282
316	302
336	483
213	447
339	112
281	389
201	336
337	401
473	411
251	206
262	342
215	244
244	358
249	190
318	370
317	109
310	145
297	17
300	9
421	245
328	240
329	321
301	3
84	498
454	484
291	72
466	435
144	296
385	201
333	390
369	134
188	314
296	18
452	310
329	93
172	321
306	23
322	80
300	7
453	380
242	235
399	397
286	93
274	137
190	238
298	45
305	360
331	104
313	40
363	212
380	432
267	252
319	164
108	373
317	203
270	88
456	348
470	390
286	48
295	451
217	234
486	332
308	103
405	487
220	196
280	94
104	359
337	98
111	483
259	129
427	500
308	375
190	237
277	99
365	364
302	19
76	418
303	34
417	398
423	374
120	349
310	68
159	370
459	426
207	350
313	341
418	478
537	492
63	442
298	22
337	313
336	390
258	251
422	498
207	239
276	202
251	320
330	470
290	121
254	369
408	270
74	519
302	252
303	458
356	339
430	265
294	13
277	61
154	384
272	389
176	266
459	349
235	212
315	33
322	54
288	162
284	313
308	56
399	403
408	279
243	208
366	159
270	289
469	387
214	449
302	21
174	428
390	413
374	276
198	284
527	442
15	501
504	474
423	242
279	86
325	50
217	442
324	151
322	41
338	384
269	498
388	248
370	361
138	323
119	484
471	339
247	222
185	258
297	11
111	505
293	209
220	456
300	2
111	414
262	253
245	146
206	209
298	46
269	56
341	278
329	54
314	100
244	292
386	311
323	54
316	112
296	110
191	500
409	442
272	106
389	190
300	242
169	514
254	292
375	507
221	222
444	281
350	156
330	87
335	332
195	382
228	395
284	366
187	482
333	126
334	288
324	338
275	178
217	151
291	196
571	507
227	370
364	404
192	442
461	293
288	154
305	38
299	7
251	200
323	216
422	310
204	494
199	198
307	28
295	49
184	303
354	229
442	391
262	190
343	133
275	85
321	60
279	56
294	333
282	357
310	95
404	383
297	15
305	132
115	429
109	361
226	157
193	250
276	73
311	169
333	254
328	163
410	249
339	111
293	291
298	119
179	215
169	409
171	383
545	444
220	438
201	373
360	403
195	391
295	36
226	177
243	399
244	377
162	410
396	480
555	476
289	60
290	40
359	298
228	133
323	48
238	115
205	190
262	207
315	379
300	24
353	340
116	410
324	217
356	365
353	214
184	261
294	265
257	152
243	168
317	191
226	218
351	145
272	250
464	346
341	240
486	394
225	435
462	444
335	286
256	81
297	145
341	133
281	115
262	120
272	332
133	512
251	338
258	125
355	170
296	26
352	239
437	377
101	409
361	417
276	190
296	27
326	488
238	267
427	260
425	261
277	214
233	313
338	444
267	240
376	154
199	489
268	347
256	102
412	288
359	223
319	323
257	373
259	108
239	396
163	375
249	165
307	30
112	414
434	278
432	234
207	319
235	324
375	186
269	117
510	428
497	493
525	507
366	401
299	3
336	258
254	134
290	510
300	2
255	139
157	315
365	172
226	442
165	350
293	66
277	73
435	515
333	141
281	380
337	216
143	291
258	118
365	511
264	200
248	305
222	204
196	247
164	486
303	42
199	306
138	328
349	398
493	365
336	259
397	423
99	500
432	417
276	55
266	406
223	286
250	112
523	507
263	77
194	403
308	509
299	9
352	514
296	46
528	483
346	112
464	309
433	300
328	259
205	328
190	351
221	317
285	29
481	515
443	330
433	373
398	439
310	130
233	274
395	171
129	509
442	440
104	400
302	315
343	487
342	398
330	301
300	1
370	485
307	87
307	32
193	464
144	329
402	258
312	61
480	455
189	208
326	293
340	376
308	93
232	134
207	170
317	74
274	272
261	157
332	194
317	482
356	446
33	507
327	359
209	261
346	519
474	322
422	249
357	343
527	410
332	155
368	264
284	95
255	137
505	403
292	21
275	481
299	5
448	301
404	242
395	261
345	131
203	408
513	477
254	85
419	474
492	390
246	203
479	444
174	427
20	503
263	138
326	154
560	465
530	501
505	506
144	412
217	158
216	175
273	314
346	235
285	193
268	240
296	99
356	157
105	385
318	63
230	187
239	304
325	479
244	201
227	243
143	405
387	270
276	310
293	115
290	341
341	404
307	41
334	248
203	468
269	468
297	20
135	316
297	165
316	170
230	500
355	234
103	467
317	158
475	438
456	443
477	358
307	318
311	54
306	477
247	386
210	222
328	164
311	35
301	67
279	45
154	314
70	444
341	170
456	419
300	7
293	69
477	517
419	388
277	130
359	359
333	294
319	203
190	267
425	267
475	326
402	350
401	445
347	128
331	151
286	135
257	84
316	267
379	318
328	407
164	472
223	202
150	392
220	227
400	512
132	501
312	86
445	259
366	472
366	148
432	420
411	220
300	2
438	280
274	276
309	61
267	229
271	422
356	329
329	52
40	468
265	396
285	92
342	195
428	464
92	366
265	336
265	333
362	132
148	344
337	182
307	14
85	481
415	274
392	483
237	154
515	441
492	352
315	203
281	411
259	457
301	23
216	152
216	349
173	494
348	107
185	392
462	390
527	432
301	71
339	75
290	19
267	70
361	173
259	105
216	339
467	457
298	112
337	143
475	377
277	111
272	273
442	321
156	313
370	423
376	211
329	73
193	255
324	265
98	407
433	249
238	365
270	112
296	12
252	465
214	214
188	229
208	490
207	341
287	158
485	327
150	392
111	397
305	156
331	401
256	157
369	228
307	18
316	39
301	71
404	388
295	213
300	14
283	212
317	60
200	235
302	37
296	12
372	142
237	154
372	382
291	455
314	42
582	514
300	44
276	263
351	144
385	254
320	468
312	107
348	92
262	278
323	182
179	425
300	1
300	1
350	112
389	218
404	514
394	419
354	454
354	112
358	512
314	39
556	512
174	338
389	295
438	349
487	486
290	130
290	51
357	262
259	478
474	333
581	491
309	230
569	485
538	440
436	278
350	93
458	513
287	31
315	140
244	454
349	131
279	77
275	54
111	390
151	386
319	271
255	226
326	85
466	499
375	207
320	360
357	170
278	41
145	354
310	26
174	467
345	87
268	268
314	515
271	84
515	397
81	406
439	367
416	210
304	80
304	206
342	207
77	390
89	373
371	257
330	108
332	309
141	287
579	494
381	182
390	363
203	442
242	173
262	302
302	50
388	282
412	371
405	309
313	43
266	103
334	440
58	433
393	410
309	440
182	302
239	368
270	275
243	328
388	190
486	442
322	54
318	80
259	93
326	73
226	140
410	456
419	483
459	449
422	241
281	476
371	355
185	322
398	388
333	423
332	392
236	315
282	48
83	423
480	475
326	93
271	173
390	173
270	112
313	364
255	259
328	195
343	177
305	76
348	124
278	248
301	59
311	49
529	509
177	267
350	206
385	287
373	280
207	203
381	174
429	496
71	434
490	339
315	151
326	216
311	38
298	118
496	398
151	333
313	243
22	484
313	318
528	441
353	237
261	82
368	164
357	153
314	59
281	43
424	334
275	95
503	390
299	16
288	311
411	403
305	46
266	194
237	398
261	501
197	273
188	303
288	100
245	487
323	123
378	380
436	473
441	506
143	516
333	471
347	270
443	413
567	470
257	368
304	40
270	243
297	46
379	145
248	413
307	131
448	519
254	242
177	437
167	351
335	509
50	437
303	29
405	342
146	442
336	190
499	443
327	246
291	95
281	164
253	128
413	494
310	23
265	171
342	285
188	216
261	72
194	205
183	283
239	185
350	180
546	511
314	46
429	250
427	267
341	103
190	204
24	494
541	426
247	223
205	170
368	210
310	269
295	338
438	459
200	397
175	356
232	507
340	117
338	177
356	132
211	510
299	5
107	397
301	9
509	370
246	283
365	253
313	54
297	80
153	481
167	339
280	200
321	207
267	416
542	460
291	94
199	277
319	323
63	470
410	209
412	390
270	161
295	168
302	395
263	172
354	361
279	275
281	430
166	291
440	287
315	471
389	190
296	42
231	384
445	296
490	496
199	186
360	139
219	209
297	22
268	158
204	169
300	11
383	485
294	37
363	128
291	292
228	189
286	138
312	123
263	175
252	429
366	190
302	74
317	41
287	37
84	469
302	100
346	151
337	328
308	279
103	468
374	341
304	34
120	468
533	461
354	450
125	306
244	195
301	9
325	207
460	319
291	502
447	415
180	300
370	125
178	481
276	101
254	332
406	305
252	146
35	479
458	406
259	390
295	316
220	341
294	12
306	16
258	160
301	48
533	460
302	184
183	252
276	85
460	359
165	399
342	254
331	152
376	338
482	399
310	71
319	456
230	367
439	248
285	54
530	421
63	434
228	299
286	110
267	129
537	440
373	148
39	465
237	439
126	400
323	244
322	216
302	211
201	293
325	233
293	72
272	255
276	164
219	501
297	7
359	189
177	370
400	306
301	4
189	406
457	293
332	76
304	22
430	343
366	416
312	36
305	22
300	16
337	471
251	146
375	200
388	217
339	69
322	74
310	65
300	98
331	430
300	25
273	72
199	235
300	1
137	315
380	305
301	47
360	403
221	216
374	211
326	119
571	479
465	395
302	85
199	201
415	411
86	479
289	229
286	93
189	386
404	454
379	146
149	479
407	193
300	2
202	306
140	354
198	279
438	351
309	44
520	455
304	464
269	180
469	395
229	174
407	295
491	428
209	253
201	222
339	481
255	183
128	358
75	515
251	117
377	345
231	241
283	210
414	342
324	51
270	197
286	65
256	176
304	15
246	189
282	220
216	282
464	308
196	291
85	418
295	239
45	470
289	32
289	45
204	257
430	317
152	293
299	37
199	177
489	455
348	259
353	447
421	513
209	283
217	516
317	113
542	505
316	61
347	422
260	134
257	109
463	383
194	215
303	11
214	170
294	48
421	326
437	323
270	403
307	95
469	430
287	379
443	516
251	350
337	115
24	487
459	416
451	418
362	126
303	148
363	229
123	511
321	112
434	252
307	73
151	345
291	159
296	46
163	435
420	234
353	359
244	100
350	451
300	424
202	264
195	492
302	93
554	485
299	13
293	472
371	413
324	429
238	125
337	261
375	357
373	259
330	110
307	30
421	242
173	225
293	33
303	267
206	191
407	315
204	306
248	300
393	272
240	109
337	134
271	206
286	97
351	519
402	280
330	85
305	20
315	35
318	196
184	482
311	305
273	84
136	342
344	457
338	345
306	126
151	395
348	135
462	312
123	413
353	311
272	65
417	357
474	384
255	143
249	107
403	292
301	10
366	148
254	233
295	213
297	49
309	35
424	341
232	507
286	119
391	389
516	472
372	149
535	483
281	166
300	2
220	405
423	295
294	403
406	391
397	462
263	217
185	379
300	28
305	33
76	430
320	49
411	359
355	231
9	518
283	86
268	93
294	61
176	244
360	511
259	83
91	419
269	87
427	373
326	266
384	503
300	10
273	243
306	39
309	212
285	119
526	435
308	335
337	308
372	410
292	93
237	328
336	494
305	19
100	448
428	489
262	105
395	264
313	112
329	410
391	365
234	188
470	315
557	487
310	99
390	487
178	299
298	41
326	63
357	274
169	285
393	173
300	165
203	380
298	106
290	383
312	239
350	429
240	244
400	287
335	114
303	29
194	311
300	6
188	333
304	14
326	57
205	268
269	135
261	473
302	461
38	497
402	217
213	227
280	183
98	389
231	124
389	283
158	275
389	178
318	242
323	351
364	119
339	321
345	302
184	329
331	235
367	121
197	457
222	230
454	268
375	242
505	381
282	49
298	55
235	143
120	460
397	412
341	507
248	104
258	489
215	485
189	468
209	300
146	462
149	494
125	329
305	185
346	252
323	109
341	79
329	119
361	427
304	99
166	290
551	485
294	70
353	124
149	295
410	429
514	410
204	393
125	511
213	452
308	128
304	11
371	132
300	9
450	371
295	12
528	420
74	421
306	109
437	325
203	387
298	8
323	175
335	106
376	177
518	502
248	263
354	155
424	280
222	190
306	94
299	13
145	350
300	24
354	152
444	504
142	331
128	470
369	332
279	379
448	339
363	166
301	16
24	492
242	506
295	48
343	79
447	279
561	474
354	114
447	280
334	272
261	263
370	484
245	252
432	444
208	491
58	513
169	362
314	147
297	410
277	112
369	127
414	208
292	31
543	445
333	268
236	266
239	276
149	409
315	39
352	243
225	496
410	393
328	168
312	27
234	332
383	315
235	341
306	25
339	289
212	242
276	57
268	74
300	9
520	442
359	122
305	65
236	292
156	302
453	449
367	151
347	509
411	389
242	120
74	451
206	377
328	490
310	192
547	487
121	371
485	455
255	81
399	374
398	203
78	388
306	378
205	205
315	32
274	453
198	503
311	22
151	273
257	230
445	317
286	34
426	509
299	6
417	517
140	489
202	267
356	166
152	354
432	433
245	184
247	128
307	92
332	95
300	54
279	476
329	95
160	451
299	15
377	309
300	324
318	41
407	448
307	125
288	166
384	208
141	314
261	138
504	360
310	205
348	351
162	452
554	481
489	478
323	110
383	286
298	26
441	493
314	200
308	93
287	26
306	69
314	49
381	234
358	210
354	267
210	196
527	494
135	353
455	362
357	405
185	479
206	202
352	351
363	472
308	170
313	89
402	196
257	491
321	101
297	111
300	106
342	140
428	321
501	474
304	33
470	353
326	246
493	358
194	281
434	455
301	87
304	194
307	108
345	447
305	67
305	99
428	288
343	291
292	238
302	9
265	251
300	11
306	324
216	260
153	274
318	167
374	222
69	475
214	471
58	501
260	146
139	423
112	441
194	384
170	409
358	345
417	337
186	287
224	181
296	17
315	177
262	125
282	35
178	481
272	291
325	106
300	3
252	128
321	470
186	511
385	196
383	476
280	150
204	418
275	89
245	133
238	396
191	383
290	69
267	83
243	101
348	114
292	408
181	468
174	321
307	75
183	427
359	177
226	235
316	46
307	52
398	209
337	320
312	82
208	313
258	123
65	482
297	132
561	483
337	240
300	5
170	450
318	37
311	77
516	483
261	347
334	397
256	269
357	505
75	394
493	352
425	300
357	123
281	262
300	190
90	444
438	317
189	291
345	456
265	129
300	157
101	346
429	287
382	478
348	163
425	322
116	425
281	85
397	262
157	368
375	167
132	387
258	80
390	416
310	29
231	324
285	29
107	446
201	459
282	201
331	403
372	344
50	451
409	284
367	179
303	366
263	257
192	320
215	170
288	162
372	333
246	514
298	19
314	36
163	368
192	211
229	482
302	224
177	424
343	418
160	246
387	216
413	248
234	194
281	138
129	435
82	461
254	106
300	4
200	392
324	93
294	14
390	274
481	449
267	300
198	227
370	142
172	325
211	448
387	280
403	313
281	169
313	27
128	352
304	20
440	281
304	35
260	174
434	271
162	306
399	231
296	483
273	331
388	314
408	358
231	169
253	202
389	445
260	309
364	127
200	266
329	58
554	478
204	238
268	455
251	417
302	97
455	332
294	28
290	108
391	487
260	92
348	235
456	295
497	435
282	223
573	497
219	242
312	430
309	204
211	377
284	50
308	36
281	312
280	42
231	371
301	423
438	420
423	243
373	300
496	360
78	486
323	89
272	119
354	96
325	95
540	423
293	50
301	301
260	203
91	367
257	246
265	193
428	229
389	170
167	274
254	182
186	274
140	496
303	113
170	440
372	165
110	417
382	424
362	216
339	148
225	162
184	355
195	314
73	499
295	35
324	182
495	354
302	9
251	234
342	149
477	514
313	343
495	485
287	57
199	412
383	477
409	235
320	263
180	316
425	362
337	113
348	351
286	26
349	254
177	319
301	247
322	108
370	382
244	152
328	391
323	470
449	350
178	310
361	220
224	333
384	453
348	155
494	427
451	489
408	258
173	246
417	351
292	34
430	327
413	285
367	373
556	481
192	475
315	38
280	60
297	15
306	32
304	305
182	384
291	117
127	462
260	233
360	112
496	362
189	231
456	493
503	371
263	275
297	137
224	248
298	11
223	305
263	242
312	27
224	464
22	484
263	108
473	398
364	406
283	132
282	203
292	26
375	287
293	332
488	504
304	311
509	429
102	505
569	502
384	193
266	155
345	215
441	336
468	318
406	370
360	344
325	99
393	444
549	519
373	230
335	179
390	195
352	412
148	383
293	64
531	422
453	324
474	419
131	415
277	238
252	203
241	217
301	29
276	199
303	490
129	390
270	512
300	116
231	252
249	176
300	3
189	489
294	42
275	129
299	85
318	49
276	359
249	232
400	239
433	308
266	271
352	152
181	362
183	355
493	496
299	24
214	429
292	20
255	107
328	318
301	37
307	25
270	338
51	473
301	365
391	417
301	14
468	339
163	350
262	86
215	321
311	63
360	118
305	11
289	55
255	342
440	268
415	311
266	63
272	174
245	148
289	123
365	164
299	9
294	22
299	45
348	302
353	411
416	280
327	128
247	137
91	468
260	470
194	428
261	292
172	259
271	430
290	28
373	145
378	364
311	222
305	68
318	170
425	337
237	142
349	280
306	184
363	483
364	119
239	248
314	213
308	29
305	23
88	419
295	28
248	138
96	488
376	350
335	146
267	500
192	229
397	180
485	429
293	216
123	496
369	257
301	104
91	416
280	103
432	494
313	75
263	67
300	8
308	63
253	127
256	175
454	517
130	300
232	488
451	264
507	370
287	58
370	173
368	479
333	277
303	42
483	351
459	514
461	419
460	351
272	106
296	93
304	351
383	209
282	66
352	416
312	348
162	342
126	505
438	358
356	308
291	40
271	225
166	400
333	313
336	345
282	231
257	144
91	497
338	167
513	471
407	187
299	4
259	222
402	184
217	335
201	297
391	181
315	431
305	254
440	296
97	488
435	236
276	67
254	86
392	452
418	256
293	39
315	106
485	423
368	258
290	487
374	267
105	374
374	402
326	92
131	421
268	183
451	325
291	17
304	238
440	376
277	102
167	249
294	17
344	278
375	235
291	475
311	155
393	229
186	409
223	477
454	274
363	233
343	227
264	481
303	55
556	477
444	381
230	239
284	138
212	266
338	503
238	379
304	108
117	500
315	154
368	316
78	480
304	11
235	143
301	20
300	132
241	368
420	243
304	10
129	391
335	253
355	336
590	507
342	332
231	494
388	365
144	493
287	124
185	502
304	511
477	376
107	346
269	482
345	305
318	348
197	383
253	98
307	100
397	456
311	91
312	209
368	405
292	38
305	22
396	455
345	201
306	261
491	452
253	119
450	407
402	264
191	235
112	515
413	276
89	398
303	37
66	420
345	88
85	437
294	33
468	516
303	191
281	274
174	371
57	491
173	314
275	113
229	453
280	518
330	114
325	244
419	370
187	266
240	169
339	424
151	375
356	418
292	80
149	472
228	330
305	42
257	111
237	445
431	435
205	356
481	454
421	272
324	214
301	29
323	59
336	99
128	464
347	279
282	131
325	386
67	448
322	49
302	324
310	64
314	220
404	192
254	332
327	437
488	494
328	91
353	320
405	384
254	212
305	28
295	25
309	137
385	155
444	328
305	73
400	274
448	312
384	435
472	435
302	353
180	478
346	469
174	267
358	175
394	269
111	466
1	519
297	17
302	31
175	491
512	371
394	508
214	464
191	502
67	411
251	202
293	61
383	339
501	365
300	420
289	375
439	457
51	456
80	431
298	196
244	273
367	123
154	376
256	390
289	66
519	419
296	14
360	169
331	108
300	4
274	99
306	54
331	110
298	24
396	410
299	156
106	427
246	507
105	501
204	434
253	143
263	86
322	130
304	180
356	205
186	403
506	507
406	312
243	319
293	27
302	179
305	74
371	267
383	375
242	195
208	231
287	47
301	48
353	117
415	432
335	86
231	124
281	291
409	213
455	318
296	21
150	391
442	252
315	41
226	515
314	47
397	319
326	94
200	320
372	253
348	326
500	424
176	494
375	324
340	456
416	314
191	477
432	266
302	15
303	101
299	466
337	481
213	349
332	423
326	52
338	292
303	163
225	137
321	111
279	131
321	394
314	93
290	47
292	455
296	247
165	384
360	233
268	102
300	48
247	409
298	5
91	380
118	516
165	247
512	385
258	81
454	286
215	275
286	32
202	173
343	181
436	498
321	38
297	14
237	132
343	76
256	194
161	313
213	196
254	311
162	494
466	495
157	385
303	29
387	336
344	149
117	322
277	251
238	132
293	397
229	461
248	313
336	237
453	474
302	96
373	189
355	238
135	496
363	115
282	122
355	266
204	364
318	431
11	519
343	218
249	229
117	353
311	277
294	281
139	379
261	120
313	72
338	337
309	36
161	288
366	435
242	135
296	348
298	5
299	77
258	171
359	183
278	136
312	32
300	22
221	502
424	482
234	162
247	216
297	124
245	225
152	481
540	456
331	278
412	241
361	245
119	442
186	229
202	425
365	385
368	125
178	236
52	471
263	138
307	286
409	303
309	232
202	316
179	398
294	52
298	6
418	357
383	157
299	69
287	31
228	179
383	341
480	345
229	424
288	303
418	496
238	326
246	119
91	477
258	357
463	440
420	363
295	357
306	67
297	46
510	442
408	230
324	110
337	325
508	491
313	254
318	87
238	141
391	274
110	493
421	311
391	489
350	91
248	111
308	18
313	515
328	200
205	233
361	379
273	503
306	58
388	351
343	265
298	394
344	100
476	458
214	234
113	417
279	344
344	158
362	130
235	169
280	138
481	323
300	2
483	391
299	9
293	156
348	169
377	407
270	174
261	81
295	35
284	106
291	78
372	388
282	125
419	506
358	110
395	361
445	425
526	427
163	433
238	352
216	452
361	142
313	463
261	255
398	500
380	302
294	158
300	77
284	509
273	67
265	106
297	104
271	194
93	371
366	458
233	482
315	463
101	397
443	250
303	139
285	123
292	340
253	95
263	332
409	487
345	460
421	481
311	353
209	259
290	29
432	435
252	184
259	404
222	371
281	101
501	509
291	160
337	355
474	330
234	301
261	315
375	415
302	7
287	158
506	371
308	44
317	114
301	4
314	518
294	73
297	12
202	421
167	438
383	176
290	270
310	31
334	368
10	507
154	282
121	392
45	474
219	284
389	230
492	509
230	243
356	225
176	321
302	137
343	92
350	94
232	425
446	365
197	230
413	338
392	215
252	125
442	431
27	481
58	519
294	28
452	301
350	117
242	116
279	125
308	91
302	419
296	52
240	257
517	422
266	151
310	51
66	434
284	249
411	224
279	62
417	493
513	492
135	352
216	177
296	470
392	208
297	9
301	12
281	431
205	403
439	482
326	59
312	371
228	254
234	288
304	216
321	301
114	461
383	381
198	210
152	468
357	463
371	355
267	74
390	286
413	201
206	434
350	255
243	177
346	184
113	456
260	386
395	366
177	403
301	9
499	435
479	446
207	290
225	213
160	361
310	25
346	296
347	361
387	188
252	356
237	267
229	257
291	24
581	507
48	439
317	265
268	244
282	82
322	410
186	208
295	266
213	190
353	195
341	183
294	12
389	199
195	303
300	13
467	422
326	99
347	123
453	389
403	190
189	229
264	66
200	411
293	97
382	340
268	163
379	143
104	342
487	330
294	63
289	31
321	197
337	304
182	371
247	361
318	54
209	259
340	410
299	56
249	123
322	381
298	109
289	30
377	163
431	393
189	248
449	423
316	200
92	366
424	227
121	365
333	70
295	62
344	437
375	324
222	519
365	211
330	298
459	317
275	47
396	443
233	339
387	223
315	248
278	201
283	86
212	438
343	95
302	164
321	101
267	460
365	501
271	399
147	480
315	42
439	302
311	28
221	149
283	104
400	363
244	145
259	304
420	305
188	348
164	367
305	419
152	501
323	121
334	77
294	19
298	248
337	102
245	332
213	405
334	158
455	280
340	456
151	304
253	119
276	438
285	312
158	512
391	347
335	262
108	339
449	300
159	445
221	219
25	508
244	375
222	359
300	12
235	411
298	114
319	443
147	321
359	253
303	201
323	289
196	319
419	441
280	195
223	503
466	324
309	22
325	72
315	462
180	482
246	196
219	152
292	181
270	409
354	119
222	337
284	61
149	448
295	70
174	355
327	161
201	235
340	166
421	431
413	461
293	475
414	314
201	459
320	45
514	464
205	401
302	437
269	266
304	9
215	438
282	73
227	210
396	377
319	351
339	82
276	45
512	417
191	419
430	384
116	448
305	60
269	488
330	410
399	277
305	203
269	68
329	212
183	260
405	222
185	377
312	51
483	500
465	397
304	142
429	240
356	111
211	274
276	61
296	341
296	289
294	231
489	469
304	62
394	365
293	64
323	115
293	81
458	324
410	229
117	369
333	67
284	184
270	106
82	509
365	196
212	209
298	132
182	261
207	290
379	149
143	441
333	70
211	249
354	211
252	474
361	314
274	464
237	248
342	364
293	177
316	458
109	370
244	145
295	45
391	371
252	375
133	392
352	110
300	72
367	345
178	420
325	386
309	37
265	493
326	75
229	303
331	216
355	469
124	435
429	429
255	143
226	380
119	478
114	483
306	26
526	519
230	128
431	328
188	485
281	95
231	247
301	117
341	209
328	88
406	261
566	519
299	101
316	41
258	361
215	238
380	140
151	410
124	494
332	351
130	318
148	512
291	100
319	469
117	349
442	260
512	413
359	355
392	231
290	215
241	137
233	337
152	345
324	256
317	214
351	138
268	104
422	478
300	1
333	223
294	27
240	252
373	284
277	234
69	464
311	423
379	397
302	93
340	165
354	108
354	116
301	4
320	53
306	15
292	21
357	173
301	3
387	281
253	127
309	28
309	32
300	3
290	251
220	183
306	160
482	417
353	237
236	234
189	420
218	299
487	434
285	471
344	129
291	81
204	217
161	287
301	22
98	496
142	468
201	474
336	81
202	452
437	466
300	6
366	153
187	394
305	12
292	200
151	354
304	75
284	38
205	319
306	102
342	164
558	473
179	502
313	96
540	513
295	42
311	202
292	93
315	345
263	441
268	212
314	28
35	507
146	410
583	514
279	51
314	36
299	140
287	126
275	58
373	151
460	308
289	306
227	229
335	326
496	416
347	104
196	211
454	377
200	189
297	142
68	410
264	106
131	312
269	267
111	330
203	208
307	20
372	421
263	94
331	93
316	288
373	269
293	87
354	191
304	292
290	262
485	453
297	16
315	139
134	319
311	390
234	137
283	96
391	185
440	401
143	364
455	393
227	262
299	287
272	209
361	134
212	201
126	455
296	19
156	306
252	345
287	262
336	204
329	492
374	318
441	373
226	314
373	312
262	76
445	268
315	403
258	316
246	95
54	468
305	11
365	150
111	419
223	138
302	211
333	110
355	236
274	124
410	386
263	340
528	484
262	277
261	168
555	452
476	408
364	268
544	474
422	230
300	6
294	112
310	347
320	111
369	424
167	380
332	237
153	502
144	455
304	15
301	337
48	513
483	501
300	10
328	433
144	362
477	352
83	395
216	345
292	28
345	112
225	158
303	347
289	26
481	462
553	479
252	128
74	474
331	283
310	19
349	457
253	308
428	349
296	297
268	364
553	495
327	328
178	311
273	378
362	120
324	91
294	84
299	264
383	500
50	467
448	488
198	424
270	177
424	506
458	468
307	81
306	82
430	429
61	519
292	139
312	62
352	158
185	285
344	112
423	329
301	142
274	271
269	81
301	88
441	302
326	482
308	415
228	456
236	204
412	314
375	179
336	341
249	174
288	452
101	516
470	410
298	77
219	280
276	254
150	345
341	326
250	226
277	153
324	104
407	465
347	97
261	78
302	39
275	65
252	100
164	358
177	268
301	7
319	127
391	432
310	58
518	474
277	207
402	387
323	81
252	141
295	21
133	371
456	351
136	458
507	436
535	416
441	365
388	416
489	452
300	2
247	102
318	48
262	508
480	460
309	25
267	91
309	44
292	139
156	512
364	515
422	400
284	124
322	89
311	22
215	250
211	169
312	351
214	455
443	327
411	208
343	391
319	51
234	466
295	71
470	478
425	510
255	422
182	210
317	45
334	221
409	312
288	57
156	387
279	74
569	508
427	465
211	177
458	517
472	358
177	431
299	10
234	132
253	252
406	395
283	452
304	43
292	41
118	403
295	94
37	461
421	485
292	117
185	385
348	305
106	343
573	481
300	6
182	235
238	432
303	125
174	226
302	14
294	20
337	272
303	10
530	403
368	167
414	517
418	493
351	112
300	1
346	235
505	414
417	428
194	228
403	420
305	16
300	6
242	111
115	368
465	306
312	29
124	332
289	47
552	482
191	268
393	245
484	474
290	25
292	69
170	326
149	452
217	387
371	476
462	364
300	90
257	244
166	310
308	42
549	516
150	275
363	151
212	231
260	82
439	319
274	335
354	137
189	300
300	13
398	419
322	278
280	492
308	22
365	196
368	216
381	182
309	139
147	459
280	78
86	491
320	54
353	490
20	487
254	269
299	12
268	151
337	161
10	510
333	510
430	290
303	54
253	112
251	341
253	101
301	42
441	294
294	30
382	243
519	413
313	44
209	250
356	171
342	123
203	355
326	160
273	236
227	322
288	68
312	24
114	469
310	421
160	376
266	99
161	299
233	490
313	112
434	253
135	401
291	19
226	186
315	410
165	395
239	416
316	404
339	102
261	233
342	280
466	321
231	415
290	53
176	275
368	142
308	115
290	402
477	500
123	451
109	507
325	72
262	155
391	347
456	335
290	55
258	210
283	202
300	353
290	231
294	282
357	289
313	27
296	270
319	203
207	390
428	451
421	449
315	268
298	23
258	353
305	178
258	432
181	296
469	409
124	321
153	408
479	458
308	35
377	518
294	237
88	461
323	65
503	453
276	196
250	343
330	125
432	357
502	516
291	200
280	392
305	195
364	145
160	256
294	127
253	519
307	40
428	430
346	453
281	241
283	290
449	476
309	44
305	15
240	132
293	59
300	2
396	407
38	507
309	33
197	184
328	156
273	63
436	392
125	490
187	282
283	39
454	384
283	161
213	177
198	227
402	291
290	34
463	484
399	310
341	219
286	119
455	397
286	224
232	396
322	250
282	36
472	489
330	284
458	453
109	494
417	256
303	47
241	371
450	508
257	136
368	193
279	97
299	6
197	267
269	326
275	256
424	277
453	277
217	233
542	439
344	116
496	378
374	153
221	299
185	209
316	102
250	193
374	417
307	85
438	247
276	87
346	291
352	178
398	414
312	150
307	129
247	472
339	400
511	432
494	499
258	275
389	460
582	519
410	282
381	299
486	331
473	341
325	67
262	488
308	75
300	2
325	102
334	67
291	412
308	19
156	421
280	71
341	162
312	79
426	373
435	398
124	416
366	354
181	274
421	339
498	392
209	347
107	454
303	19
324	477
260	100
322	125
448	390
292	118
308	59
189	369
254	367
294	142
471	345
571	479
438	352
345	358
459	431
485	362
236	191
375	449
393	182
277	127
153	435
248	146
431	455
346	238
209	260
293	355
520	410
304	278
176	326
356	413
422	485
144	274
470	303
183	213
321	55
342	99
246	330
241	208
304	15
394	374
324	75
326	99
313	125
328	367
555	510
361	397
315	54
436	360
322	320
515	397
295	70
165	343
292	231
295	45
511	383
308	32
403	228
463	302
567	515
300	2
168	374
137	502
423	483
350	327
14	497
302	7
436	519
403	217
237	382
202	221
333	209
169	468
300	280
320	155
314	40
534	489
291	28
235	122
300	2
298	5
215	215
318	38
267	152
139	392
150	343
117	450
317	398
211	490
415	291
348	178
305	181
374	150
225	311
233	136
474	345
278	306
262	277
376	271
307	473
300	5
201	203
298	35
226	148
254	170
309	54
296	10
297	119
292	227
271	56
351	191
330	87
324	69
348	128
243	518
303	15
354	362
242	163
373	175
312	62
309	177
312	418
328	62
282	55
367	274
300	238
327	503
83	442
27	497
283	99
297	80
297	29
300	497
203	234
399	189
303	124
195	354
419	310
396	236
45	484
293	337
303	199
292	191
295	96
285	55
294	28
298	31
257	142
293	67
456	408
339	287
372	244
421	320
331	413
128	436
296	9
357	184
239	125
278	54
138	375
315	59
282	82
340	393
394	169
340	132
277	48
345	124
311	260
414	222
432	275
284	122
253	329
296	408
135	429
366	429
151	283
224	170
287	93
118	473
381	181
238	442
284	446
378	238
307	88
44	488
295	41
372	167
292	261
300	2
446	313
167	420
109	397
434	304
295	10
211	348
274	340
290	256
282	223
244	230
564	503
329	262
208	237
195	225
356	141
310	104
267	75
173	412
267	229
308	298
533	449
342	274
278	164
355	179
158	438
325	183
136	389
295	20
123	376
401	332
340	351
453	512