436	33
120	540
189	22
182	575
505	81
45	458
41	451
283	599
237	7
325	2
232	8
132	548
298	599
518	506
80	503
576	417
526	497
591	372
228	591
334	598
502	521
345	596
397	583
544	126
555	458
191	21
252	4
242	594
63	483
286	1
220	589
99	78
488	67
373	590
4	348
266	2
316	599
14	210
139	47
201	17
219	588
482	538
266	2
214	587
592	368
377	11
389	586
356	594
584	396
423	27
201	17
422	574
552	138
111	532
159	564
76	499
570	430
428	571
599	324
460	47
472	545
210	14
214	587
122	59
247	595
593	236
224	10
255	596
13	213
154	38
125	543
373	590
547	470
95	519
551	136
560	151
276	599
214	587
274	2
598	334
419	575
31	432
195	581
0	300
368	8
385	13
497	74
182	25
19	195
568	434
15	393
22	188
479	60
506	82
167	32
230	9
16	204
140	47
271	598
141	554
229	9
121	540
416	576
333	2
62	482
219	12
297	599
579	190
86	90
351	595
320	1
509	85
521	502
549	467
9	228
274	2
543	125
118	62
348	596
245	6
407	580
148	558
75	498
50	465
460	47
348	4
120	540
567	164
107	71
494	72
443	37
396	16
291	1
243	594
298	1
467	549
259	597
110	532
175	572
32	434
590	224
500	523
229	591
385	587
594	241
371	9
227	590
390	586
348	4
494	528
86	510
521	502
581	405
54	471
154	38
335	3
312	599
514	90
314	599
318	1
129	54
488	533
123	58
164	567
14	390
393	585
237	593
597	258
49	136
440	35
377	589
421	574
180	574
531	109
267	598
114	65
52	132
296	1
9	228
115	64
342	597
353	595
137	49
387	587
317	599
536	115
87	511
597	258
385	13
99	78
340	3
561	153
192	579
16	396
279	1
438	566
88	88
9	228
200	18
213	587
450	559
441	564
71	107
116	64
569	168
205	16
561	153
136	49
232	592
92	516
523	100
273	2
511	87
423	27
52	132
265	597
295	1
465	550
575	419
61	119
40	151
519	95
334	2
402	18
377	11
248	595
591	228
312	1
400	582
149	41
483	537
130	53
181	25
74	497
513	89
468	548
547	130
531	109
503	520
83	507
471	54
15	207
489	68
64	115
542	123
224	10
47	139
157	563
171	570
8	368
523	500
373	10
22	188
6	359
552	462
144	556
69	109
310	599
364	593
588	216
326	2
436	567
358	6
140	47
362	7
473	55
504	81
469	547
212	586
3	258
381	12
163	566
384	588
49	464
451	559
8	232
332	598
532	490
154	38
229	591
569	432
320	1
275	598
519	505
26	178
576	183
50	135
595	354
99	522
284	599
196	581
513	511
299	599
438	566
233	592
356	594
498	525
128	55
458	45
479	540
299	1
551	136
563	156
161	35
426	28
51	133
50	465
106	528
47	139
148	558
590	376
83	93
377	589
342	3
320	1
513	89
196	581
405	581
220	11
275	2
43	454
193	20
465	550
543	125
13	213
187	577
124	58
376	590
307	1
549	467
441	564
514	510
376	10
350	595
346	596
212	586
295	599
115	64
4	348
452	42
248	595
439	35
521	98
406	580
180	574
419	575
505	519
133	549
132	52
21	410
399	17
440	35
149	41
589	220
209	585
566	162
173	571
283	1
480	60
457	555
415	23
434	568
315	1
159	36
259	597
128	55
312	1
123	542
158	36
91	85
19	195
464	551
40	449
132	52
20	407
574	178
408	21
375	10
117	537
594	241
498	75
505	519
89	87
562	446
465	50
520	503
198	582
190	21
524	101
294	1
539	119
360	7
12	384
454	557
498	525
356	6
36	442
525	102
159	36
120	540
288	599
370	9
590	224
581	195
54	471
389	586
352	5
27	424
111	68
299	599
318	1
248	595
158	564
8	368
228	591
282	599
479	540
523	100
191	579
247	595
569	168
173	571
575	181
588	216
436	567
593	364
93	517
419	25
395	584
357	594
381	588
298	599
315	1
88	88
485	64
506	518
426	572
369	591
596	348
37	156
576	417
350	595
155	562
391	15
464	551
178	574
391	585
214	587
223	11
580	407
276	1
90	86
428	29
342	597
179	574
357	6
438	566
108	530
300	0
282	599
177	573
465	550
420	26
385	587
32	166
181	575
384	588
345	4
563	156
120	60
472	55
277	599
75	498
311	599
20	193
536	115
313	599
598	334
90	86
376	10
154	562
189	578
5	354
533	112
285	1
291	599
183	576
274	2
42	453
501	522
247	5
443	37
84	508
143	45
379	11
430	30
584	204
561	447
119	61
114	65
340	3
379	589
572	426
241	6
312	1
384	12
282	1
441	564
359	6
198	18
45	458
111	532
462	48
588	384
11	380
26	422
468	548
219	12
107	71
70	108
152	560
197	581
367	592
437	566
310	1
113	534
234	8
279	1
330	598
204	16
195	581
347	4
242	6
480	60
376	590
507	83
287	599
312	599
571	172
364	7
444	563
306	1
56	126
251	5
37	444
595	354
260	597
208	15
409	21
118	538
175	28
598	334
64	485
197	581
594	359
152	40
406	20
37	156
138	48
93	83
517	507
86	90
258	597
341	597
486	65
137	551
252	596
378	11
584	204
535	114
145	44
159	36
343	4
336	3
555	458
12	216
6	359
169	31
258	597
271	2
124	542
540	480
323	599
155	38
563	156
124	58
282	1
37	156
252	4
301	599
401	18
457	45
579	190
512	88
446	562
489	68
288	599
172	29
41	451
206	584
348	596
254	4
138	552
60	120
160	35
177	27
407	580
178	26
265	597
22	188
515	91
479	60
486	65
157	563
592	232
198	582
407	20
354	595
358	6
122	59
352	595
120	540
216	12
458	555
211	586
24	183
422	26
237	593
361	7
275	2
445	562
479	60
89	513
163	566
152	560
554	141
551	464
542	123
370	591
277	1
198	582
250	5
529	493
408	579
14	390
450	559
268	598
589	380
142	45
39	447
229	591
224	10
58	477
486	65
176	573
376	10
61	119
544	126
546	129
147	42
456	556
405	581
322	1
405	581
209	585
176	27
394	584
129	546
356	6
438	566
542	477
534	113
325	2
574	422
283	599
594	359
43	454
337	3
193	580
490	68
127	55
259	597
265	597
136	551
10	376
200	18
256	596
395	584
426	572
519	95
202	17
298	1
29	428
418	575
110	532
280	599
315	1
387	587
424	27
337	597
327	2
136	49
330	2
275	2
511	513
448	560
137	49
390	586
391	15
52	468
278	1
380	11
506	82
278	599
362	593
145	556
184	576
148	558
320	1
259	3
64	485
485	64
526	103
490	532
472	55
410	579
499	76
497	526
215	587
486	535
274	598
259	3
49	136
374	10
126	56
310	599
26	422
18	402
275	598
99	522
81	505
537	483
147	558
227	590
511	87
560	151
510	86
411	578
397	583
300	0
224	10
456	44
121	540
34	438
118	538
443	563
345	596
413	577
568	166
382	12
221	11
272	2
32	166
189	578
41	451
447	39
362	7
206	16
136	49
258	597
2	266
352	5
345	4
402	18
224	10
279	1
78	99
10	224
182	575
502	521
432	31
518	506
248	595
106	528
11	220
158	36
98	521
277	1
80	97
356	6
437	34
345	596
165	33
9	228
123	542
88	512
94	82
484	536
46	141
35	440
32	434
114	65
116	536
159	564
480	60
190	21
149	41
112	67
503	520
154	38
587	387
2	266
224	590
484	64
72	106
370	9
424	573
42	147
427	571
473	545
141	46
285	1
539	119
473	545
272	598
561	447
569	432
29	428
314	599
107	71
546	471
149	559
401	582
497	74
195	581
575	181
564	442
253	4
82	94
198	582
586	210
18	198
563	444
23	415
559	149
477	58
584	204
111	532
231	9
572	174
255	4
437	34
257	4
114	65
384	588
206	16
452	558
321	1
500	523
579	410
20	193
349	5
206	584
180	26
533	112
463	551
229	9
568	166
143	45
7	236
560	151
322	599
176	27
273	598
464	49
77	100
180	26
521	502
33	164
472	55
512	88
462	48
112	67
483	537
546	129
410	579
310	599
176	573
155	562
71	493
235	8
322	1
60	120
131	53
3	258
544	474
508	516
84	92
444	37
58	123
167	568
429	570
269	598
474	56
24	183
191	579
337	597
325	598
264	3
392	585
561	153
223	589
339	3
143	555
525	498
74	497
186	23
165	33
171	30
87	511
379	11
485	64
574	178
514	510
546	471
292	599
384	12
378	11
380	589
545	127
151	40
14	390
262	3
29	428
467	549
256	4
561	153
172	29
70	108
421	574
505	81
346	4
378	11
259	3
585	207
151	40
390	14
330	598
512	512
163	566
169	31
235	592
558	453
25	419
197	19
339	597
343	4
311	599
252	4
0	300
542	477
92	516
390	14
370	591
531	109
281	1
449	40
483	63
29	172
464	551
503	80
79	98
312	599
599	324
571	428
116	64
168	569
398	17
467	51
587	213
196	581
324	599
215	13
412	22
43	146
501	78
384	588
477	542
169	569
302	1
129	54
84	508
547	130
103	74
273	2
344	596
302	599
360	593
31	168
467	51
379	11
476	542
500	523
554	141
470	547
472	545
60	120
107	529
394	584
388	14
516	92
293	1
390	586
104	527
373	590
259	3
106	528
552	462
87	89
337	597
466	549
160	35
214	587
301	1
569	432
569	168
585	393
374	10
111	68
161	35
389	586
400	582
571	428
358	594
77	100
374	10
409	579
52	132
373	590
198	18
133	549
9	228
426	28
480	540
222	11
295	1
467	549
287	1
307	599
530	108
83	93
205	16
81	95
430	570
372	591
547	470
122	541
233	592
52	468
174	28
270	2
454	43
283	1
10	224
358	594
208	15
363	7
395	16
547	130
114	535
526	103
30	430
171	30
173	29
379	589
541	122
212	14
170	30
489	532
399	17
71	107
363	593
410	579
355	594
597	258
38	446
561	447
78	99
45	458
97	80
36	442
287	599
28	174
526	103
506	82
170	570
210	14
312	599
444	563
473	545
331	2
404	19
32	166
372	9
571	428
433	32
89	87
578	188
97	520
200	582
528	494
205	584
28	174
347	4
46	459
410	21
400	582
25	419
110	68
214	587
130	547
232	8
207	585
313	599
551	136
562	154
136	49
70	108
65	486
384	588
194	580
329	2
49	464
537	117
305	1
103	74
149	41
356	594
155	38
97	520
267	598
512	88
502	521
256	596
212	586
99	522
333	2
490	532
89	87
256	4
164	567
379	11
401	18
567	164
271	2
44	144
481	539
312	1
567	164
312	1
337	3
583	201
108	530
345	596
501	78
153	561
587	387
207	585
409	579
501	78
25	181
488	67
268	598
460	47
125	543
280	599
333	2
473	545
217	588
91	85
401	582
530	492
378	589
550	135
154	562
524	101
371	591
265	3
224	10
409	579
29	172
110	532
284	599
509	515
394	584
315	1
288	1
493	71
476	58
20	407
392	585
478	541
562	154
545	127
267	598
83	93
508	516
350	5
97	80
271	598
201	17
5	246
310	599
54	129
551	464
365	8
118	62
24	183
379	11
462	552
86	90
238	593
548	468
146	43
497	526
323	1
244	594
309	599
208	15
275	2
438	566
550	465
40	151
302	1
97	520
467	51
224	10
205	584
139	553
240	593
151	40
260	3
262	597
592	232
530	108
454	43
85	91
450	559
115	64
356	6
439	35
549	467
146	557
46	141
283	1
403	19
592	368
303	1
138	552
553	461
167	32
452	558
104	527
157	37
171	30
117	537
163	34
54	129
587	387
579	410
474	56
424	573
279	599
240	7
278	599
501	78
275	2
97	520
555	142
396	584
451	559
55	127
120	540
52	132
300	0
481	539
226	10
297	1
265	597
282	1
301	1
214	587
147	42
513	511
154	38
489	532
159	36
284	599
113	534
387	587
580	407
299	599
537	483
300	600
178	574
491	69
418	25
226	590
443	563
136	551
377	589
507	517
100	523
440	565
580	407
13	213
525	102
79	98
49	136
333	598
76	101
45	142
75	102
452	42
150	559
57	125
301	599
291	1
342	597
321	599
204	16
40	151
483	537
327	598
536	115
70	108
574	422
317	1
51	133
265	597
409	579
561	447
416	24
271	2
464	551
225	10
13	387
591	228
491	69
376	590
489	68
461	47
570	170
383	12
302	599
140	47
535	114
572	174
79	502
66	487
479	60
125	57
370	591
543	475
345	4
477	58
135	50
133	51
516	508
310	1
103	74
233	592
77	100
109	69
126	544
568	166
238	7
233	592
577	185
450	41
400	582
364	7
464	49
362	593
377	589
464	49
428	29
36	158
438	566
546	129
321	599
509	515
570	170
393	15
533	112
118	62
76	499
423	27
303	1
137	49
533	112
39	153
288	1
154	562
391	585
565	160
381	588
166	32
294	599
25	419
458	555
479	540
274	2
395	584
384	588
525	498
523	500
120	540
399	583
422	26
339	3
355	6
172	29
294	1
159	36
596	348
212	586
271	2
350	595
396	584
598	334
66	113
240	7
318	1
5	246
148	42
575	181
463	551
243	594
258	597
73	104
287	1
87	89
556	144
515	91
246	595
495	73
301	599
551	136
431	569
198	18
464	551
198	582
303	599
575	181
428	571
111	532
390	586
495	73
137	551
118	62
524	499
454	557
248	5
124	542
125	57
230	591
343	4
517	507
29	172
362	7
282	599
589	380
196	19
520	97
450	559
26	422
299	599
63	483
322	1
149	41
45	142
217	588
412	22
256	596
246	5
122	59
519	95
288	1
23	415
230	591
412	22
580	407
511	513
486	535
116	536
531	491
555	458
395	584
203	583
170	570
62	118
25	181
136	49
547	130
377	11
485	64
50	135
543	475
492	530
199	582
564	158
5	246
138	552
416	576
393	585
439	565
145	44
413	577
104	527
475	57
407	580
425	28
424	573
480	540
37	444
494	72
356	594
164	33
400	582
101	76
1	276
580	407
242	594
128	55
515	91
476	58
437	34
439	565
147	558
426	28
264	3
151	40
499	524
255	596
207	585
516	92
487	66
389	586
462	48
136	551
485	536
257	4
350	5
161	35
229	9
146	557
23	185
558	147
586	390
152	560
140	47
370	591
215	587
301	1
345	4
55	473
211	586
319	1
551	136
76	499
484	64
219	588
287	1
519	505
87	511
67	112
98	521
491	69
590	376
489	532
103	526
291	599
95	519
425	28
13	387
564	158
364	7
418	25
555	142
103	526
21	190
77	100
591	372
99	78
495	73
300	600
68	490
367	592
520	97
292	599
25	419
126	56
223	11
571	428
481	61
424	573
288	599
113	534
37	156
31	168
22	412
19	405
483	537
350	5
47	461
283	1
114	535
196	581
163	566
161	565
115	64
327	2
189	22
564	442
369	9
113	66
224	10
49	464
417	24
206	16
562	446
99	522
458	555
283	599
11	380
312	1
470	53
88	512
343	596
570	430
327	598
15	207
151	40
515	509
226	10
514	510
580	407
79	98
599	324
152	560
548	468
309	599
94	82
487	534
562	154
438	34
466	549
411	22
58	123
148	42
218	588
374	10
169	31
212	14
323	1
373	10
121	540
556	144
382	588
233	592
258	597
581	405
248	5
386	587
146	557
537	117
36	442
381	588
334	2
37	444
186	577
575	181
54	471
568	166
492	70
256	4
556	456
474	544
91	85
137	551
373	10
205	16
77	100
493	71
390	14
167	568
250	595
363	7
47	461
302	599
322	599
281	599
355	6
569	168
336	597
10	376
309	599
261	597
153	39
393	15
69	109
5	246
157	37
579	190
153	561
321	599
493	529
585	393
179	26
592	368
323	1
403	19
161	565
125	57
308	1
565	440
31	432
20	193
496	527
397	583
70	492
253	596
496	73
538	118
537	483
184	24
7	364
182	575
162	34
272	598
498	525
573	424
169	31
424	27
167	568
292	599
405	581
368	592
113	66
570	430
408	21
288	599
561	447
337	3
166	568
458	45
374	10
421	574
46	141
308	1
54	129
595	246
431	569
155	38
410	21
115	64
508	516
81	505
118	538
191	579
152	560
368	592
413	577
345	596
274	2
140	553
472	55
144	44
498	525
245	6
40	151
459	554
265	597
386	13
23	185
227	590
508	516
230	9
235	592
229	9
562	154
141	554
227	10
245	594
65	114
136	49
575	181
276	599
420	574
292	1
595	246
11	220
407	20
255	4
476	58
349	595
24	417
555	142
217	12
592	368
88	512
344	596
395	584
492	70
312	599
254	4
364	593
250	5
436	33
359	6
75	102
189	578
435	567
33	164
279	1
140	47
548	468
410	21
119	61
101	524
65	114
594	359
240	593
99	522
183	576
52	468
366	8
489	68
460	47
364	7
120	540
93	83
455	44
113	66
168	31
213	13
316	599
84	508
193	580
476	58
325	2
151	40
519	505
365	592
145	556
167	568
481	61
494	72
168	569
154	562
434	568
399	17
443	37
289	1
75	498
0	300
472	55
62	118
499	524
518	94
493	71
127	545
551	136
581	195
72	106
289	599
89	87
55	127
101	524
581	405
268	2
195	19
406	580
253	596
173	571
246	595
532	110
7	236
92	516
293	599
485	536
137	49
496	527
144	556
483	63
59	122
78	99
321	599
339	3
576	417
179	574
58	477
74	497
84	92
292	1
434	568
426	572
134	51
44	144
576	183
499	524
159	36
446	38
78	501
49	464
25	181
391	585
302	599
180	26
529	493
365	592
104	73
331	598
213	587
546	129
426	28
87	511
510	514
448	40
566	162
54	129
335	597
254	4
71	493
549	467
99	522
377	11
371	591
172	571
34	162
323	1
354	595
382	12
68	110
152	40
333	598
405	581
12	216
67	488
31	168
554	141
469	53
165	567
231	9
498	75
232	8
438	34
148	558
73	104
108	70
313	599
231	591
403	19
180	574
532	490
443	37
197	19
52	132
93	83
336	3
184	576
316	599
557	454
115	536
270	2
107	529
88	88
48	138
163	34
84	92
187	577
288	599
268	2
428	29
501	78
66	113
459	46
1	276
582	402
357	594
448	40
356	594
481	61
164	33
137	49
247	5
525	102
536	115
162	34
64	115
184	24
33	164
525	102
420	574
395	584
493	71
555	458
180	26
200	18
215	13
377	589
146	43
350	595
489	532
508	84
428	29
59	478
265	597
580	193
328	598
528	494
167	568
68	110
238	7
313	599
341	3
567	164
17	399
42	147
445	38
317	599
501	522
378	11
574	422
67	112
442	564
107	529
335	597
278	599
431	569
47	139
498	525
544	474
359	594
532	490
442	36
113	534
559	149
273	598
412	22
119	539
309	1
438	34
513	511
245	594
130	547
151	560
242	594
591	228
449	560
41	149
378	11
212	14
333	598
427	571
248	5
347	596
478	59
302	599
241	594
78	99
572	174
293	599
33	164
505	519
50	135
501	522
59	122
323	1
12	384
118	62
340	3
67	112
136	551
383	12
4	348
131	53
576	417
173	29
260	3
49	464
110	532
12	216
232	592
584	396
415	577
148	42
437	566
163	566
48	462
493	71
180	574
338	3
259	3
114	535
229	9
291	599
475	543
34	162
164	567
42	453
338	3
114	535
55	473
160	565
570	430
539	119
342	3
543	475
561	447
386	587
593	364
243	6
178	574
202	583
549	467
506	518
507	517
179	26
159	564
501	522
57	475
390	586
574	178
324	1
125	57
247	595
29	172
261	3
410	579
473	545
86	90
302	599
467	51
549	467
391	585
206	16
313	599
378	11
160	565
79	502
515	509
357	594
539	481
254	4
596	252
267	2
578	188
433	32
153	561
322	599
173	571
47	139
199	18
451	41
281	599
243	6
136	551
282	1
440	565
425	572
471	546
468	52
231	9
159	564
135	50
399	17
3	342
21	190
319	599
421	574
267	598
261	3
24	183
344	596
105	527
491	69
348	4
127	545
544	474
133	549
505	519
56	474
526	497
355	6
148	42
491	531
43	454
103	74
310	1
341	597
80	503
86	510
42	453
537	117
65	486
238	7
228	591
424	573
395	16
373	590
387	13
402	582
198	18
335	3
343	4
139	47
75	498
336	597
43	454
590	376
334	2
46	459
83	507
196	19
148	558
480	60
319	1
302	599
110	532
569	432
486	535
486	535
372	591
12	384
571	428
314	1
547	470
329	598
539	119
425	28
199	18
303	1
84	92
315	1
144	556
335	597
480	540
372	9
409	21
367	8
415	23
289	1
148	42
340	3
336	597
408	579
423	573
558	453
256	4
452	558
409	21
375	10
120	540
175	28
68	110
44	456
419	25
262	597
197	19
282	599
285	599
8	368
167	568
433	32
36	158
135	550
579	410
404	19
203	17
484	64
563	156
423	27
330	2
470	53
562	446
7	364
558	147
20	193
197	19
429	570
359	594
78	99
36	158
507	83
140	47
143	45
169	31
132	548
24	183
253	4
399	17
72	106
440	565
263	597
27	424
573	176
59	478
45	142
510	86
286	599
288	1
268	2
385	587
552	462
10	224
207	585
144	556
87	511
135	50
118	62
239	7
389	586
340	3
442	564
255	4
403	19
450	41
542	123
521	502
486	535
140	553
159	36
441	36
555	142
174	28
5	354
12	384
202	17
23	185
591	372
426	572
526	103
343	4
594	241
548	468
314	1
169	569
227	590
246	595
333	598
586	390
487	66
118	62
135	50
383	588
217	588
418	25
409	579
122	541
188	578
470	547
176	27
118	62
301	599
451	41
531	109
310	599
482	62
120	60
488	533
321	1
468	548
229	9
82	506
40	449
192	21
18	198
437	34
14	210
281	599
252	596
168	31
431	569
432	569
184	576
433	32
25	419
172	571
334	2
388	586
269	2
129	546
118	62
316	599
414	23
373	10
462	48
112	67
144	44
390	14
233	592
463	49
506	82
61	481
312	1
251	595
572	426
397	17
373	10
458	45
193	20
11	380
187	577
119	61
310	599
583	201
79	502
13	213
88	88
10	224
313	599
12	216
66	113
566	438
515	91
129	54
308	1
401	582
560	449
402	582
524	499
153	39
502	521
103	526
72	494
400	18
556	456
554	141
242	6
449	560
588	216
343	4
234	592
89	513
545	473
164	33
175	28
198	18
538	118
490	68
438	34
547	470
469	547
409	579
48	462
497	526
188	22
159	564
480	60
111	68
235	592
154	38
490	532
259	597
127	55
384	12
277	1
238	593
232	8
142	555
49	136
580	193
183	576
462	48
570	170
297	1
216	12
70	492
386	13
508	516
521	502
535	114
186	577
23	415
377	589
155	562
49	136
468	52
449	560
70	108
202	583
457	45
110	68
174	28
35	160
525	498
140	553
187	577
152	40
272	598
76	499
255	596
123	58
422	26
230	9
29	428
335	3
212	14
543	475
173	29
424	27
265	597
500	523
238	7
28	174
550	465
309	599
59	122
436	33
30	170
162	566
519	505
91	85
350	5
448	560
96	81
21	190
53	130
389	14
126	56
337	597
181	575
527	104
549	467
159	564
183	576
177	573
502	521
482	538
355	6
30	430
450	41
511	513
533	112
507	517
535	486
372	9
400	18
265	597
31	432
513	89
23	185
519	95
592	232
426	572
78	501
524	499
63	117
10	224
173	29
306	1
587	213
576	417
53	470
564	158
32	166
333	598
120	540
585	207
208	585
204	16
540	120
565	160
411	22
257	4
56	126
247	595
400	18
498	75
382	588
77	500
241	6
288	599
463	49
481	539
147	42
230	591
57	475
399	583
179	574
400	18
516	92
164	567
265	3
269	2
327	598
416	576
416	576
78	99
440	35
164	33
147	42
12	216
505	81
356	6
153	561
245	594
227	10
174	28
162	34
214	587
398	17
377	589
312	1
146	557
38	154
30	430
70	108
9	228
16	204
266	2
364	7
393	15
434	568
217	588
440	565
201	17
502	79
84	92
29	428
304	599
558	147
596	252
312	599
242	594
545	473
332	2
181	25
355	6
524	499
378	11
358	6
433	568
2	266
21	410
196	581
389	14
28	426
136	551
451	559
50	135
137	551
501	522
82	94
204	584
263	3
91	85
592	232
162	566
199	18
473	55
448	40
413	23
564	158
351	595
509	515
6	359
204	584
499	524
374	590
187	23
453	558
33	164
66	113
265	597
177	573
26	422
357	594
99	78
130	53
390	14
313	1
153	39
6	241
537	117
69	491
193	580
347	596
41	451
241	6
258	597
99	78
485	536
167	568
235	8
505	519
119	61
355	594
176	27
186	23
67	112
588	384
285	1
125	543
517	93
312	599
216	588
362	7
70	492
459	554
386	587
542	123
32	434
264	3
342	597
173	29
85	91
190	21
113	66
286	1
19	405
492	530
400	582
435	33
138	552
524	101
572	174
85	509
259	597
523	100
8	232
227	590
187	23
255	596
257	4
404	581
277	1
399	583
549	133
479	60
67	488
430	570
428	29
474	56
70	492
544	126
418	25
496	73
232	8
387	587
458	555
289	1
553	461
503	520
484	64
541	478
519	95
142	45
15	207
216	588
363	7
404	581
199	582
584	204
546	471
151	560
567	164
170	30
521	502
351	595
64	485
8	368
232	8
175	572
256	596
549	133
280	599
458	555
59	478
14	210
396	584
558	147
485	64
386	587
395	584
452	42
374	590
283	1
476	542
365	592
44	456
595	246
320	599
94	82
35	440
367	592
34	162
268	598
520	97
591	372
122	541
176	573
185	577
539	119
221	589
212	586
358	6
287	599
446	562
300	600
187	23
55	473
88	512
294	1
195	19
515	91
225	10
225	590
86	90
524	101
417	24
545	127
395	16
476	542
504	519
425	572
134	549
266	2
458	555
166	32
251	595
307	1
422	574
515	509
456	556
297	599
42	147
263	597
590	376
48	138
249	5
56	126
201	17
507	83
349	5
171	30
75	102
11	220
372	591
120	60
12	216
384	12
62	118
90	514
172	29
381	12
372	591
573	424
407	20
311	1
435	567
518	506
64	485
334	2
567	164
198	582
13	387
51	133
360	7
415	23
513	89
320	1
263	597
404	19
404	19
490	532
537	117
261	597
405	581
306	599
490	68
104	527
576	417
183	576
267	598
280	1
32	166
437	34
173	571
418	25
222	589
560	151
339	597
179	574
302	599
65	114
83	93
506	518
353	5
559	149
125	57
132	52
69	491
95	81
578	412
394	584
582	402
101	76
581	195
108	70
121	540
48	138
461	47
233	8
419	575
569	168
249	595
140	553
181	25
315	1
522	99
272	598
211	586
444	37
116	64
60	120
119	539
51	133
492	530
360	593
522	501
119	61
514	510
446	562
596	252
390	14
25	419
425	572
446	38
306	599
306	1
208	585
103	74
189	22
140	47
547	470
595	246
238	7
246	5
229	591
589	380
153	561
522	501
272	2
390	586
227	590
244	594
131	547
419	25
435	567
305	1
255	4
274	598
274	2
584	396
141	46
133	549
187	23
163	34
593	236
373	10
419	575
550	465
362	593
63	117
561	447
431	569
463	551
82	506
391	585
308	1
34	162
503	520
599	324
583	201
320	599
95	81
326	2
389	14
111	68
48	138
499	76
162	34
319	599
24	417
496	527
430	570
521	502
7	364
32	434
346	4
498	525
393	15
175	28
419	25
128	545
353	5
197	19
318	1
187	577
543	125
474	56
482	538
349	595
35	440
227	10
465	50
570	170
231	9
499	76
582	198
144	556
511	513
370	591
15	207
432	569
332	598
513	511
412	578
218	12
468	52
300	600
222	589
164	567
404	19
214	13
336	597
252	4
478	59
431	31
57	475
145	44
314	1
417	24
336	597
485	64
209	585
398	583
446	38
381	12
132	548
587	213
151	40
471	54
353	595
456	556
176	27
506	82
134	51
70	108
354	5
33	164
35	160
22	412
269	2
480	60
468	548
240	7
5	354
45	458
333	598
145	44
184	576
103	74
547	130
539	481
254	4
514	510
313	599
345	596
527	104
73	496
32	434
127	545
528	494
122	541
333	598
166	32
334	2
221	11
598	334
229	591
536	115
421	574
125	57
424	27
384	12
28	426
211	586
589	220
298	1
83	93
93	517
242	6
332	598
535	486
570	430
568	434
452	42
68	490
27	424
426	572
261	3
518	506
1	324
566	438
193	20
474	544
426	572
18	402
71	493
538	118
140	553
104	527
510	86
157	563
416	24
282	1
592	232
218	12
352	5
149	41
440	35
470	547
120	60
370	591
459	554
120	60
152	40
224	10
338	3
156	37
407	580
19	195
214	587
516	92
545	473
8	232
18	198
416	24
546	129
149	559
213	587
567	436
441	36
589	220
476	58
251	595
549	467
170	30
403	581
529	107
307	599
257	4
69	109
110	68
29	172
473	545
55	473
74	103
83	93
355	6
105	527
480	540
478	541
347	4
348	596
60	120
63	117
197	19
188	22
571	428
508	84
384	12
270	2
438	566
539	481
422	574
275	598
526	497
221	11
505	81
243	594
465	550
564	158
495	73
451	41
235	592
468	548
127	545
79	98
237	593
29	172
306	1
367	8
338	3
191	579
66	113
494	528
532	110
524	101
485	536
357	6
195	19
265	597
426	572
500	77
205	16
340	597
378	589
90	86
318	599
207	15
280	599
447	561
442	36
251	595
161	565
8	368
110	532
461	47
332	2
43	454
410	579
381	588
571	172
22	412
104	73
545	127
152	40
252	596
206	16
342	597
48	138
455	44
24	183
567	164
147	558
86	510
494	72
11	220
457	555
400	582
532	490
483	537
406	20
463	49
44	144
40	151
198	18
470	547
237	593
273	598
521	502
339	3
383	588
571	428
240	7
325	598
116	536
478	541
261	3
454	43
161	565
438	34
326	2
65	114
298	1
63	483
59	478
76	499
568	166
24	417
19	405
527	496
558	147
264	597
290	1
11	380
247	5
388	586
78	99
12	216
186	23
310	599
460	47
527	496
46	459
215	587
279	599
212	14
325	2
53	130
153	39
484	536
556	456
541	122
216	12
3	258
433	32
234	8
330	598
127	545
372	9
235	592
232	592
102	525
54	471
217	12
302	1
572	174
404	19
309	599
409	21
386	587
420	26
566	162
399	17
455	556
333	2
1	276
594	241
555	458
307	599
422	574
469	53
310	1
169	31
161	35
277	599
429	30
13	387
119	61
168	569
269	598
552	138
140	47
81	505
333	598
90	86
59	122
465	50
512	512
537	117
61	119
447	39
448	40
443	37
504	519
249	5
460	47
470	547
545	473
200	18
10	224
295	1
98	521
376	590
485	536
207	585
476	58
108	530
487	66
295	1
21	190
78	99
88	512
85	509
531	109
148	558
213	13
308	599
351	5
59	478
209	15
448	40
419	25
280	599
47	139
519	95
124	542
90	514
12	384
128	545
63	483
393	585
401	18
303	599
279	1
529	493
151	40
359	594
285	1
583	399
258	597
78	501
222	589
10	376
350	595
76	499
433	32
251	5
148	42
35	160
526	103
29	172
493	529
136	551
199	18
565	160
77	100
384	12
418	575
194	20
457	45
259	3
4	252
405	19
241	6
492	530
63	117
442	564
118	62
31	432
156	563
589	380
260	3
73	104
201	583
246	595
561	153
3	258
28	174
581	405
44	144
271	2
102	75
69	491
542	477
33	436
409	579
124	58
156	37
542	477
58	477
193	580
314	599
176	27
143	45
501	78
576	183
223	589
536	115
458	555
193	20
433	32
9	372
494	528
583	399
154	38
70	108
424	27
480	60
252	4
70	108
34	438
459	46
80	503
185	577
157	37
19	195
403	19
289	599
23	415
338	3
346	4
188	578
231	9
407	20
149	559
335	597
351	5
408	579
391	15
308	599
209	585
176	27
379	11
501	522
411	578
418	25
152	40
534	487
290	599
187	577
374	10
38	446
114	65
371	591
95	81
54	471
355	594
468	52
94	518
544	474
37	156
25	181
26	178
480	540
165	567
336	597
427	29
94	518
13	213
248	595
548	468
90	514
167	32
227	10
559	451
262	597
90	86
156	37
531	491
335	597
163	34
474	56
449	560
20	193
189	22
99	522
490	532
349	5
473	545
289	599
210	586
404	19
398	583
456	556
296	1
503	520
225	10
573	176
347	596
163	566
421	26
256	596
174	28
242	6
317	599
26	422
404	19
70	492
260	3
255	4
12	384
243	6
451	559
149	41
373	590
144	44
579	190
547	130
362	593
478	541
46	459
10	376
352	5
335	3
594	241
583	399
251	595
543	475
109	531
374	10
236	7
14	390
97	80
192	21
565	440
28	174
329	598
374	10
586	390
219	588
234	592
258	597
305	1
32	166
43	146
140	553
298	1
130	547
220	11
555	142
224	590
73	104
426	28
480	60
350	5
223	589
585	207
198	18
355	6
466	51
208	585
340	3
493	529
264	597
264	597
416	24
489	532
344	4
317	599
21	190
65	114
47	461
539	119
174	28
379	589
40	151
49	136
584	204
385	13
410	579
345	4
555	458
459	554
70	108
325	2
121	60
534	113
566	438
235	8
221	589
456	44
503	520
418	575
253	4
568	166
527	104
530	108
256	4
442	564
47	139
440	35
489	68
457	555
345	596
247	595
441	36
171	570
18	402
223	589
592	368
72	106
449	40
561	447
412	578
395	16
558	453
440	35
399	583
247	5
419	25
497	526
565	160
506	82
182	575
163	566
267	2
76	499
108	530
232	8
305	1
177	573
447	39
321	599
488	533
402	18
57	125
214	587
173	571
360	593
158	564
371	9
275	2
305	1
325	598
307	599
500	523
184	24
415	577
17	201
41	451
481	61
126	544
513	89
244	6
449	40
351	595
563	444
469	53
330	2
48	138
288	1
50	135
92	84
578	188
178	26
356	594
69	491
111	532
256	4
88	88
362	593
540	480
199	582
587	387
83	507
352	595
265	597
261	3
442	36
243	6
498	525
287	599
172	571
480	60
493	71
404	581
166	32
26	422
579	410
443	37
48	138
322	599
171	570
386	587
77	500
559	451
578	188
396	16
393	15
395	16
349	595
252	4
185	577
221	11
258	3
263	3
310	1
369	9
178	574
366	8
313	1
25	181
169	31
385	13
312	599
79	98
124	58
572	174
31	168
144	44
225	10
501	78
63	117
122	59
186	577
395	584
331	2
78	501
434	32
544	474
245	594
518	94
381	12
512	88
293	1
391	15
596	348
143	45
210	14
280	599
398	17
494	528
286	599
329	598
528	494
367	592
565	160
28	426
174	572
452	42
542	123
479	60
223	589
531	109
240	593
424	27
412	578
564	158
238	593
343	4
328	2
192	21
115	536
206	16
41	451
172	571
286	1
316	1
397	17
436	567
463	49
189	578
526	103
272	598
471	54
355	6
302	599
113	534
99	522
496	73
443	563
596	252
546	471
225	590
91	85
101	524
322	599
596	252
264	597
589	220
502	79
586	390
398	583
261	3
442	564
285	599
127	55
56	474
36	442
210	586
197	19
476	542
149	41
200	18
528	494
217	12
598	266
199	18
499	524
503	520
587	213
210	586
523	500
236	7
147	42
92	84
583	201
28	426
421	26
294	1
304	1
334	2
43	146
191	579
26	178
13	387
570	170
210	14
569	168
348	596
552	462
539	119
5	246
344	4
244	6
129	546
510	514
562	446
578	412
237	593
95	519
114	65
364	593
578	412
78	501
324	599
457	555
354	595
194	580
358	594
385	13
590	224
380	11
496	73
173	29
566	162
454	43
298	1
115	536
213	587
566	438
144	44
281	599
230	9
243	6
513	89
493	529
289	599
454	557
331	598
115	64
502	521
306	1
393	585
45	458
312	599
237	593
485	64
572	426
226	10
68	110
461	553
318	599
253	596
58	123
489	68
261	3
104	527
345	4
83	507
38	154
422	574
174	572
205	584
350	595
99	522
129	54
390	586
247	5
111	532
522	99
221	589
585	393
552	138
517	93
171	570
8	368
532	490
342	3
37	444
4	348
284	1
45	142
288	1
516	92
338	3
443	563
99	522
570	170
428	571
371	9
183	24
585	393
221	11
129	54
138	552
97	80
186	577
262	597
87	511
537	483
162	34
409	21
158	564
44	456
125	543
262	597
522	501
244	594
246	595
19	405
422	26
34	438
121	540
286	599
39	153
323	599
44	144
336	3
372	9
67	488
369	591
404	581
264	597
246	595
442	564
503	520
374	590
185	23
108	530
369	591
236	7
501	78
348	596
27	424
64	115
20	193
316	599
279	599
253	596
66	487
598	266
403	19
543	125
68	490
335	3
533	488
194	580
332	2
493	71
415	23
358	594
578	412
449	560
180	574
341	3
404	581
214	13
1	276
131	547
254	596
559	451
316	599
189	22
538	118
196	19
488	533
26	178
241	6
21	410
279	1
172	571
368	592
69	109
526	103
320	1
308	1
120	540
180	574
257	596
565	440
300	0
386	13
472	55
214	13
27	424
163	34
463	551
579	190
319	1
397	583
304	599
313	1
453	558
31	168
554	141
192	579
338	597
304	599
596	348
516	92
88	88
214	13
24	183
471	54
33	436
172	571
513	89
289	599
522	99
249	595
164	33
312	599
377	589
232	592
506	518
311	1
407	20
130	53
484	64
506	82
119	61
301	1
157	37
176	573
540	120
88	512
371	591
392	15
510	514
396	584
326	598
268	598
533	112
68	110
215	587
272	2
308	1
493	529
98	79
27	424
303	599
430	570
548	132
372	9
429	570
185	577
28	174
29	428
262	597
63	117
525	102
148	42
237	593
328	2
250	5
412	578
374	590
160	35
529	107
160	35
425	572
426	572
257	4
160	565
69	109
265	3
235	8
482	538
477	542
585	393
507	517
226	590
534	113
490	68
223	11
169	31
38	446
5	354
103	74
321	1
358	6
364	7
219	588
494	72
257	596
77	100
440	565
366	8
162	566
272	2
203	17
130	547
385	587
428	29
115	64
50	465
382	12
21	410
162	566
116	64
348	4
433	568
533	488
454	557
111	68
485	536
127	545
175	28
533	112
76	499
81	95
193	580
465	50
312	599
293	1
153	561
283	599
238	7
437	34
437	34
592	368
478	541
56	474
276	599
536	115
561	447
477	542
577	185
258	3
433	568
190	21
120	540
529	493
451	41
102	75
375	590
202	583
591	228
483	537
502	79
539	119
158	564
36	158
215	13
53	470
459	554
299	599
182	25
115	64
195	581
139	553
465	50
24	183
4	252
58	123
504	519
348	4
17	201
160	35
301	599
175	572
355	6
574	422
469	53
596	252
369	9
200	18
46	141
119	539
497	74
155	562
190	21
439	35
412	578
126	56
49	464
572	174
69	491
205	16
243	6
281	599
138	48
153	561
138	552
283	599
529	107
0	300
5	354
551	136
100	77
83	93
223	589
143	45
557	454
482	62
268	598
589	220
538	482
362	593
577	185
390	586
361	7
447	561
528	106
481	539
468	52
169	569
25	181
77	100
222	11
19	405
370	591
581	195
468	52
358	594
160	565
71	493
413	577
386	13
379	589
392	585
162	34
550	465
533	112
545	127
542	123
210	586
427	571
165	33
182	575
531	109
58	123
216	588
321	1
79	502
418	575
225	10
384	12
316	1
214	587
232	592
295	1
293	599
586	210
160	35
378	589
404	19
227	590
549	133
560	151
337	3
162	34
135	50
155	38
489	532
161	35
125	57
558	453
206	584
51	133
515	509
253	4
325	598
288	599
508	516
279	1
259	597
374	10
527	496
95	81
551	464
312	599
165	567
78	99
475	543
507	83
465	50
114	535
347	596
163	34
518	506
554	141
595	246
66	487
508	516
383	588
244	594
113	66
323	1
357	594
423	573
573	176
94	82
591	228
216	588
475	543
529	493
293	1
292	599
563	444
99	78
25	181
554	459
96	81
540	480
285	599
294	599
29	172
343	4
54	129
369	591
537	117
513	511
564	158
161	565
188	578
512	512
591	372
103	526
527	104
188	22
427	571
155	562
223	11
112	67
100	77
18	198
91	85
97	80
578	412
112	67
113	66
30	430
430	570
14	210
532	490
590	224
250	5
268	2
304	1
28	426
181	575
295	599
164	567
526	497
444	37
468	548
22	188
457	45
594	241
266	2
442	564
470	53
368	8
468	548
43	454
536	485
45	458
500	77
256	596
555	142
126	544
129	546
96	519
518	94
134	549
9	228
357	6
561	153
207	585
87	511
13	387
111	68
39	447
542	123
291	599
573	424
20	407
243	6
50	135
489	68
223	589
334	2
386	13
331	598
260	597
321	599
472	545
6	359
552	462
247	595
210	586
551	464
137	551
334	598
8	368
213	13
185	23
317	599
508	516
375	590
11	380
142	555
402	18
305	1
436	567
44	144
440	565
430	30
411	22
6	241
23	415
550	465
200	582
466	51
359	6
594	359
416	576
306	599
542	477
170	570
567	164
90	86
218	12
582	402
204	16
319	599
121	540
73	104
576	183
305	1
480	60
551	136
142	555
513	511
289	599
288	1
220	11
595	246
10	376
441	36
185	577
213	587
20	193
386	587
348	4
485	536
402	18
90	86
459	46
503	80
85	91
517	93
97	520
252	596
222	589
494	72
469	53
156	563
44	456
588	216
226	590
260	597
185	577
585	207
361	593
96	81
176	27
589	380
312	599
82	506
337	3
167	32
70	108
280	1
572	426
324	599
187	23
265	597
305	599
581	195
60	120
544	474
406	20
589	380
134	549
551	136
280	1
112	533
102	75
93	83
439	35
61	481
518	94
24	417
479	540
445	562
426	28
459	554
329	598
361	593
94	82
169	31
334	2
70	492
274	2
335	597
428	571
212	586
534	113
61	481
397	583
274	598
453	558
397	17
63	117
540	120
526	103
114	535
527	496
61	481
61	119
306	1
276	1
444	563
414	23
180	26
498	525
387	13
274	598
386	587
411	22
298	599
488	67
496	73
519	505
448	40
221	11
234	8
565	160
418	25
459	46
513	511
87	89
226	590
373	10
399	17
66	487
273	598
425	28
13	387
195	19
556	144
548	132
276	599
562	446
362	7
513	511
369	9
162	34
371	9
378	589
470	547
342	3
466	549
453	558
183	24
429	570
580	193
103	74
538	482
479	60
343	4
164	567
14	210
22	412
331	2
357	6
412	578
533	488
419	575
575	419
553	461
404	581
317	599
58	477
409	579
361	7
413	23
495	73
53	470
335	3
93	83
337	597
21	190
507	83
208	585
236	593
422	26
33	164
90	86
89	87
293	599
211	14
297	599
223	11
282	1
2	334
502	521
411	22
142	555
314	1
460	47
152	40
372	9
2	266
232	8
247	5
395	16
169	569
15	393
48	462
401	18
354	5
338	597
159	564
497	526
136	49
452	558
167	568
486	65
210	14
74	103
289	1
485	536
271	2
442	564
374	590
351	5
115	536
580	407
288	599
60	480
216	588
227	10
261	597
224	590
581	405
189	578
259	3
545	127
50	135
46	459
541	122
390	14
305	1
329	598
84	508
473	545
446	562
30	170
309	599
454	43
184	24
436	567
105	527
401	18
285	599
232	8
488	67
123	58
233	8
444	37
373	10
301	599
111	532
537	117
205	16
387	587
94	518
268	598
175	572
179	26
333	598
300	0
476	58
203	17
246	5
105	527
488	533
301	599
238	593
271	598
487	534
501	78
43	454
384	588
168	569
57	125
252	596
493	71
589	380
432	569
516	508
37	444
432	31
12	216
87	89
484	536
168	31
527	104
299	1
45	458
457	555
593	236
24	183
504	81
135	550
551	136
296	1
556	144
435	567
365	592
263	3
85	509
323	1
37	444
187	577
143	45
454	557
133	549
4	348
80	97
493	529
69	109
133	549
217	12
579	190
366	8
65	114
446	38
141	554
35	160
286	1
65	114
571	172
411	22
229	9
554	459
308	599
68	110
175	28
361	593
549	133
201	17
449	40
490	532
475	543
333	598
568	166
279	599
251	595
373	10
541	478
177	573
312	599
322	599
338	3
344	596
157	37
348	596
339	3
293	599
343	596
255	4
518	506
262	597
116	64
137	49
90	514
514	510
61	481
137	49
139	553
256	4
295	1
386	13
596	252
572	426
301	599
525	102
234	8
490	68
8	232
546	129
128	545
248	595
207	15
31	432
373	10
504	81
14	210
238	593
175	28
379	589
67	488
411	22
171	30
22	412
515	509
580	193
241	594
360	593
401	18
415	577
28	174
298	1
423	573
278	599
216	588
181	25
539	119
69	109
466	51
303	599
211	586
426	572
539	481
46	459
568	166
196	19
117	63
234	592
118	538
565	160
155	562
567	436
330	2
296	1
197	581
312	1
122	541
170	30
409	579
13	213
0	300
340	597
482	538
205	584
79	502
335	597
461	47
164	33
68	110
526	497
215	587
478	59
165	567
23	415
87	511
185	23
5	354
306	1
114	65
567	164
310	599
328	2
561	153
545	127
188	22
532	110
92	84
172	29
384	588
125	543
394	584
63	117
99	78
377	589
262	597
195	581
126	56
275	598
539	481
41	451
232	592
430	30
512	512
495	527
359	6
192	21
293	1
195	19
189	578
183	24
492	530
525	102
140	47
118	62
8	368
441	564
362	7
433	32
288	1
330	598
174	572
388	586
500	77
16	204
504	519
103	74
391	585
298	1
116	536
124	542
563	156
364	593
127	55
359	594
375	10
234	592
296	1
285	599
36	442
298	599
520	503
173	571
419	25
590	376
546	129
313	599
328	598
399	583
187	577
237	7
298	1
402	582
578	412
103	526
248	5
350	5
16	396
117	537
556	456
484	64
449	40
353	595
395	584
317	599
537	483
520	503
147	42
471	546
152	560
534	113
356	594
96	519
150	559
475	57
303	1
33	436
158	564
128	545
89	87
171	570
398	583
346	596
120	540
597	342
357	6
46	459
364	593
91	515
52	468
515	91
471	54
480	540
221	11
386	13
213	13
149	559
311	599
552	138
228	9
351	5
23	415
83	507
21	190
380	11
375	590
448	560
368	8
246	5
322	1
435	567
563	156
70	108
221	11
487	66
468	52
329	598
560	151
521	502
226	590
534	487
339	3
16	396
47	139
134	549
449	40
184	576
440	35
290	1
55	127
481	61
291	599
248	595
165	567
44	144
359	6
126	56
171	570
174	28
175	572
205	584
109	531
35	440
311	1
590	376
15	207
220	589
397	17
560	449
402	18
512	512
584	396
95	81
276	599
15	393
332	598
14	210
499	76
265	3
332	2
430	570
307	599
51	133
478	541
164	567
66	487
505	519
298	1
142	555
523	500
285	1
475	57
326	2
167	32
54	129
371	9
333	2
405	19
121	540
563	156
81	95
154	562
556	456
520	97
119	539
249	5
133	51
118	538
80	503
85	509
510	514
281	599
192	579
393	15
596	252
302	599
570	170
246	595
307	1
175	28
237	593
237	7
347	596
11	380
545	473
416	24
294	1
329	2
498	525
93	517
230	591
222	11
219	12
554	141
267	2
553	139
540	480
409	21
443	563
198	582
317	1
525	498
424	573
79	98
392	15
315	1
357	594
20	407
522	501
226	10
328	598
444	37
185	577
387	13
425	572
241	6
111	532
512	88
97	520
576	417
189	22
256	4
252	596
454	43
416	24
321	599
191	21
163	566
328	2
573	424
202	583
186	577
387	587
461	553
446	562
591	372
438	566
304	599
479	540
199	18
484	536
293	1
90	514
371	591
532	110
403	581
176	573
468	52
286	599
328	598
481	539
104	527
30	170
303	1
17	399
555	458
496	73
232	592
351	595
230	591
273	2
171	30
592	368
372	9
132	52
540	480
447	561
103	526
362	593
272	2
392	585
271	2
16	204
182	25
368	8
162	34
276	599
47	461
502	79
133	51
408	21
486	65
565	160
289	599
45	142
329	2
423	27
174	28
161	565
213	587
227	590
235	592
441	564
269	598
535	486
451	41
495	527
362	593
269	598
417	24
52	132
332	598
394	584
220	589
318	599
343	4
258	597
435	33
499	524
126	56
509	515
122	541
372	9
164	567
293	1
459	46
243	594
53	130
117	537
181	25
556	456
449	560
523	100
560	151
55	473
49	464
310	599
102	525
556	144
384	588
440	565
516	92
445	38
442	36
348	4
118	62
503	520
375	10
528	106
365	592
528	494
337	3
140	553
436	567
570	430
305	599
577	415
366	592
430	30
5	354
355	594
538	118
26	178
597	258
527	104
79	502
211	586
561	153
581	195
159	36
227	10
444	563
238	593
495	527
595	246
339	597
494	72
85	509
209	585
470	547
258	3
537	117
331	2
406	20
59	122
476	58
186	23
397	583
49	136
107	529
376	590
176	27
521	502
76	499
49	136
216	12
55	473
431	31
237	593
508	516
548	468
397	17
212	14
87	511
184	576
148	558
288	599
312	1
328	2
393	15
294	1
341	3
57	125
421	26
420	574
366	8
58	123
376	590
20	407
208	585
430	30
184	24
335	3
535	114
303	1
355	6
435	567
105	73
28	426
471	546
541	122
586	210
459	46
33	436
575	181
370	9
31	432
522	99
387	13
208	15
226	10
115	536
77	100
418	575
35	440
138	552
260	3
322	599
313	1
26	422
464	49
442	564
494	528
551	136
45	458
560	151
333	598
511	87
175	28
370	9
244	6
89	87
284	599
155	38
370	591
385	587
132	548
508	516
329	598
426	28
467	549
179	26
109	531
338	3
462	48
463	49
346	4
225	10
537	117
232	592
321	599
225	10
239	593
451	559
339	3
495	73
129	54
220	589
52	132
192	579
509	85
522	501
281	1
124	542
464	551
279	1
82	94
462	48
532	110
5	246
248	595
562	154
339	597
569	168
535	486
93	517
201	583
90	86
429	30
360	7
469	53
274	598
576	183
77	500
543	475
556	144
548	468
360	593
107	71
244	6
114	65
230	591
61	119
474	544
298	599
361	7
155	562
494	72
41	149
233	592
382	12
277	1
307	599
316	1
560	449
82	94
490	68
102	525
286	1
453	42
180	26
265	597
430	570
591	372
488	533
374	590
226	10
491	531
201	17
346	596
188	578
63	117
225	10
394	584
479	60
568	166
207	15
366	8
220	589
513	89
441	564
89	87
105	73
4	348
474	56
158	36
475	57
46	141
60	120
76	499
597	258
391	15
223	11
547	130
286	599
423	573
128	545
109	531
463	551
458	555
210	586
69	491
194	20
308	599
584	396
402	582
444	37
141	46
552	462
60	120
74	497
62	482
145	556
406	580
135	50
530	492
77	100
58	477
68	490
501	78
591	372
279	1
166	32
192	21
294	599
382	588
4	252
250	5
120	60
240	593
142	45
280	1
343	4
185	577
126	544
293	599
79	98
88	512
178	26
90	514
53	470
236	7
527	104
231	591
17	399
560	449
503	520
543	125
68	110
159	36
364	593
296	599
442	36
64	485
498	525
360	593
249	595
130	547
352	595
329	598
72	494
280	599
367	592
485	536
152	40
263	597
281	1
265	3
22	412
443	563
539	481
342	3
262	3
301	1
467	51
67	112
121	60
383	12
201	17
100	523
71	107
421	26
554	141
342	3
261	597
557	454
360	7
463	551
568	166
287	599
338	597
114	535
376	10
86	90
122	541
297	1
166	568
437	34
370	9
121	540
509	85
3	342
253	596
57	475
36	442
214	13
268	598
250	5
225	590
243	6
406	20
319	599
119	539
420	574
85	91
142	555
473	545
311	1
24	417
166	32
188	578
38	154
443	37
534	113
384	12
361	7
456	556
28	174
135	50
517	93
521	98
387	13
276	599
24	417
274	2
178	26
261	597
313	1
171	30
324	599
425	572
524	499
204	16
202	17
210	14
12	384
207	15
522	501
372	591
31	432
393	585
403	19
283	1
373	10
169	31
70	492
216	588
529	107
111	68
446	562
157	563
406	580
78	99
160	565
148	558
234	8
553	139
44	144
451	559
278	1
305	599
185	577
274	2
43	146
349	595
36	442
346	4
469	547
23	185
473	545
343	596
92	84
262	597
144	556
271	2
70	108
6	241
265	3
521	98
222	11
33	436
360	593
46	141
584	204
369	9
457	555
107	529
89	87
162	566
28	174
5	354
515	91
332	2
345	4
530	108
334	2
255	4
85	509
446	562
104	527
325	598
515	509
75	498
230	9
556	456
532	490
423	573
432	31
208	585
327	2
258	597
512	512
84	92
440	35
532	110
451	41
330	2
380	589
171	30
206	584
350	5
171	30
170	570
65	486
462	552
597	258
211	14
111	68
588	384
285	1
558	453
380	589
426	28
568	434
599	324
509	85
140	553
334	2
235	8
451	41
329	598
208	15
418	575
423	573
170	570
488	67
406	580
39	153
505	519
403	19
491	531
375	10
531	491
538	482
229	9
209	15
566	438
139	553
172	29
469	547
331	2
100	523
562	446
432	569
196	19
385	13
347	4
417	24
566	162
344	4
371	9
463	551
80	97
348	4
563	444
556	456
130	547
39	447
45	458
436	33
543	125
93	517
147	558
286	1
466	51
39	153
291	1
145	556
308	1
229	9
477	542
368	592
540	120
195	19
242	594
478	59
141	554
100	77
95	81
114	65
211	586
370	9
215	13
196	581
173	29
107	529
292	599
61	481
540	120
436	33
79	98
459	554
266	598
186	577
75	498
10	224
340	3
156	563
597	342
467	51
240	593
282	599
206	16
360	593
599	276
312	1
327	2
173	571
259	3
283	599
251	595
160	565
402	582
2	334
72	494
242	6
384	588
150	559
13	213
588	216
72	106
137	551
85	509
106	72
452	42
386	13
587	213
547	130
152	40
480	60
291	1
174	572
18	198
346	596
255	596
5	246
348	596
69	109
375	10
5	246
440	35
365	8
287	1
372	591
370	9
521	502
404	19
281	1
546	471
451	41
191	21
40	151
135	550
390	14
352	5
371	591
20	193
246	5
171	30
289	599
470	547
523	500
102	75
426	572
3	342
173	571
8	368
119	61
52	132
568	166
348	4
406	20
451	41
274	598
131	547
245	594
269	2
112	533
117	63
586	210
337	3
540	120
136	49
545	473
47	461
113	534
78	501
101	76
338	3
164	567
595	354
436	33
158	36
381	12
485	536
367	592
313	599
171	30
26	422
511	87
13	213
467	549
220	11
385	13
300	0
426	28
192	21
570	170
538	118
77	500
354	595
356	594
271	2
456	556
42	453
135	50
202	17
19	195
313	1
183	576
438	34
230	591
420	574
436	567
344	596
214	587
424	27
413	23
454	557
509	85
379	11
564	442
121	60
205	584
73	496
516	92
363	593
389	14
316	1
189	578
194	20
482	62
514	90
62	118
186	577
150	41
27	176
42	453
126	544
5	354
240	593
155	562
400	18
90	514
29	172
434	568
420	26
238	7
262	597
404	19
33	436
481	61
517	93
581	405
71	493
254	596
482	538
489	68
369	591
499	76
137	49
285	1
531	109
294	1
223	11
250	595
228	591
416	576
13	213
154	562
165	33
94	518
83	93
489	68
384	12
186	23
77	100
172	571
450	41
526	497
122	541
109	69
74	497
441	36
135	550
564	442
311	599
375	590
487	534
575	419
236	7
452	558
318	1
258	3
134	549
297	599
425	572
455	556
548	132
126	544
287	1
487	66
6	241
509	515
74	103
431	569
239	593
429	30
38	154
172	29
179	26
532	110
505	519
302	1
209	585
139	553
105	73
176	27
17	201
334	2
104	527
198	582
501	522
145	44
11	220
397	17
596	252
371	9
478	59
541	478
370	591
582	198
105	73
458	555
353	595
148	558
78	99
78	501
324	1
59	478
527	104
417	24
373	10
66	487
292	1
305	599
206	16
193	580
523	100
529	493
325	2
188	22
518	94
286	1
373	590
384	588
536	115
76	101
564	442
364	7
423	27
85	509
374	590
225	10
483	63
242	6
471	54
466	549
181	575
271	598
526	497
20	193
329	598
195	581
458	45
231	591
523	500
125	57
193	20
538	482
365	592
543	125
83	507
434	32
23	185
215	13
483	63
59	478
365	592
153	39
581	195
53	130
301	599
277	599
9	228
360	593
13	213
14	390
174	572
383	12
352	595
561	447
415	577
321	1
282	1
66	113
73	104
187	577
519	95
74	103
170	30
518	94
263	597
251	5
43	146
207	15
189	22
521	502
23	185
25	419
115	536
490	68
249	595
396	584
294	1
159	36
529	493
593	364
544	474
536	115
119	539
596	348
152	560
315	599
334	598
288	599
299	1
326	598
442	564
214	587
575	419
192	21
490	532
581	405
578	412
579	190
262	597
507	83
423	573
332	2
209	15
202	583
64	115
481	61
159	36
11	380
332	2
577	185
376	10
438	566
314	1
271	2
347	596
103	74
12	384
71	493
427	571
411	578
325	2
47	461
501	522
136	551
475	57
183	576
303	599
80	97
356	594
129	54
99	522
278	1
564	158
361	593
353	595
534	487
30	430
389	14
472	545
57	125
342	597
101	76
477	58
366	592
413	23
140	553
105	73
594	241
276	1
412	22
462	552
512	88
463	551
126	56
98	521
473	55
498	525
7	236
371	591
589	220
175	572
140	553
593	364
56	126
78	501
94	82
303	599
205	16
243	6
454	557
66	487
286	599
484	64
106	528
463	551
89	513
384	12
317	1
272	2
251	595
152	40
291	599
24	417
177	573
24	183
489	68
290	599
586	210
318	1
305	1
29	172
390	14
178	574
283	599
298	1
273	2
508	516
77	500
580	407
576	183
305	599
508	84
406	20
298	599
382	12
56	474
344	596
247	5
554	459
363	593
298	599
364	593
384	12
490	532
415	577
533	488
130	547
466	549
363	7
497	74
327	598
59	478
317	1
466	549
93	83
208	15
125	543
33	164
463	551
165	567
502	79
189	578
199	582
103	526
565	440
173	571
28	426
327	598
495	527
201	17
533	112
543	475
510	514
404	19
20	407
258	597
229	591
116	536
76	101
80	97
319	1
24	417
355	594
487	66
131	547
400	582
488	533
514	510
202	583
185	577
333	2
286	599
343	596
262	3
205	16
104	527
101	76
247	5
495	73
455	556
509	515
101	76
449	40
431	31
469	53
363	593
213	587
60	120
425	572
326	598
70	108
387	587
261	597
462	552
435	33
188	578
127	545
106	528
523	500
562	154
202	17
575	419
103	526
32	166
230	9
570	170
252	596
237	7
328	2
16	396
357	6
233	592
208	15
165	33
324	599
61	481
109	531
457	555
561	153
430	30
466	51
60	480
361	7
291	599
548	132
395	16
232	8
58	123
290	1
343	596
127	545
574	178
11	220
405	581
150	41
171	30
283	1
480	60
394	16
264	597
101	524
97	80
432	31
35	440
17	201
599	276
47	139
48	462
463	49
535	114
442	36
394	584
82	94
348	4
259	3
160	565
126	56
63	483
393	585
105	73
162	566
176	27
322	599
575	181
239	593
394	16
321	1
432	31
374	10
290	599
592	368
599	276
364	593
144	556
231	9
543	125
65	486
269	2
163	34
16	396
180	26
163	34
223	589
303	599
128	545
264	3
590	376
474	56
243	594
490	532
541	478
297	599
545	473
67	112
222	11
22	188
372	591
22	188
520	503
237	7
463	551
448	40
375	590
164	567
221	589
143	45
17	201
244	594
167	32
46	459
422	574
101	76
579	190
303	1
160	35
77	100
13	387
430	570
32	434
258	597
97	80
20	407
62	118
202	583
406	20
505	519
97	520
450	559
596	252
513	511
43	146
308	599
262	3
312	1
382	588
182	575
145	44
157	37
336	3
26	422
450	41
490	68
50	135
400	18
380	11
73	496
301	599
68	110
599	276
552	462
211	14
598	266
345	4
182	575
571	428
301	1
489	68
227	590
533	112
195	19
126	544
203	583
306	599
179	26
452	42
243	594
405	19
445	38
582	402
282	599
396	16
9	228
28	174
81	95
70	492
39	447
543	475
507	517
302	1
325	2
48	138
309	1
390	14
464	49
20	193
598	334
109	69
64	485
506	82
272	2
273	598
361	7
506	82
205	16
549	133
228	591
535	486
498	75
508	516
146	43
230	9
574	422
275	2
113	534
132	548
523	500
42	147
11	220
372	9
228	9
499	76
182	25
142	45
349	5
9	228
191	21
208	585
518	506
506	82
189	578
377	11
24	183
309	599
68	490
168	31
341	597
180	574
502	79
353	595
139	553
91	85
67	488
175	28
433	568
230	591
106	72
275	2
457	555
214	587
21	410
483	537
44	144
60	120
353	5
259	3
216	12
92	84
435	567
447	39
357	6
491	531
43	454
38	446
595	354
185	577
588	216
552	462
189	22
224	10
193	20
328	2
208	15
282	1
34	438
91	85
508	516
326	598
60	120
295	599
129	54
90	514
332	598
324	599
291	1
426	572
332	2
166	568
471	546
208	585
20	407
72	106
155	562
233	592
426	572
113	66
193	580
134	51
521	502
387	13
339	3
519	505
326	2
366	8
56	126
137	551
429	30
49	464
245	594
265	3
16	204
257	4
85	509
551	136
96	81
368	592
305	599
36	442
129	54
127	545
128	545
363	7
322	1
395	584
240	593
371	9
554	141
243	6
226	10
386	587
316	599
391	15
513	511
107	71
507	517
2	334
91	515
345	4
526	497
345	596
222	589
545	473
12	384
66	487
116	536
299	599
577	415
365	8
391	15
97	80
391	15
462	552
117	63
23	415
397	583
128	55
356	594
136	49
331	598
178	26
246	595
135	50
203	583
278	599
398	17
3	342
201	583
437	34
89	513
304	1
428	29
283	599
574	422
517	93
138	48
385	587
174	28
208	15
303	599
413	23
267	598
483	63
502	79
27	176
540	480
490	532
382	588
383	12
359	6
410	579
510	514
192	579
30	430
187	23
56	474
383	588
90	86
551	136
289	599
557	146
562	154
312	1
567	436
328	598
253	596
565	160
73	496
237	7
139	553
581	405
266	598
127	55
263	597
233	592
542	477
214	13
7	236
6	359
147	42
417	576
18	402
8	232
545	127
548	132
552	138
32	166
42	453
185	23
158	36
175	572
378	589
555	142
151	560
408	579
575	419
110	532
227	10
385	587
265	597
544	126
515	91
338	3
595	354
379	589
82	94
19	195
56	474
48	462
517	93
586	210
230	591
508	84
235	8
75	498
422	574
326	2
534	487
277	1
409	579
367	592
0	300
211	14
84	508
568	166
454	43
584	204
116	536
15	393
160	565
345	596
58	123
449	40
78	501
599	276
136	49
209	15
132	548
74	497
538	118
47	461
118	62
6	359
166	32
386	587
172	29
89	513
587	387
278	599
591	228
138	48
413	23
14	390
137	551
587	213
367	592
410	21
561	447
16	396
167	568
249	595
548	468
542	477
533	112
433	32
428	29
132	52
547	470
433	32
261	3
324	599
326	2
69	109
122	59
122	541
27	424
417	576
92	516
35	160
562	446
172	29
59	478
55	127
326	2
239	7
210	586
464	551
83	507
259	3
398	583
240	593
526	497
558	453
111	68
78	99
16	204
262	597
382	588
25	419
155	562
315	599
309	599
11	220
362	593
385	587
130	53
166	568
93	517
171	30
67	488
330	598
434	568
25	419
474	56
557	454
501	522
114	535
74	497
504	519
352	595
498	75
135	50
257	596
283	599
525	102
114	535
147	558
596	252
481	61
595	246
406	20
24	183
176	573
220	589
85	91
112	533
443	37
20	407
299	1
20	193
383	12
289	599
69	491
491	531
475	543
212	14
146	557
32	434
424	27
481	61
589	220
582	198
31	432
67	488
193	580
92	516
454	557
524	101
587	387
498	525
435	567
362	593
388	586
538	482
574	422
171	30
252	4
47	139
83	507
58	477
127	55
72	494
181	25
54	471
235	8
413	577
428	29
49	136
344	596
513	511
311	1
6	241
254	596
158	564
154	562
26	178
18	402
67	112
401	18
412	578
288	1
233	592
283	1
293	1
466	51
193	20
583	399
112	533
55	127
95	519
65	486
202	583
36	442
322	599
38	446
258	597
14	390
361	593
171	30
26	422
397	17
422	26
9	372
396	16
387	13
598	266
188	22
213	13
90	86
79	502
527	104
396	584
377	11
305	1
400	582
171	30
383	588
157	37
314	1
261	3
126	544
440	35
462	552
142	45
25	181
8	232
16	204
238	7
173	29
589	380
80	97
381	12
451	559
297	1
269	598
272	2
532	490
512	512
179	26
362	7
547	130
432	569
54	471
43	454
390	586
170	30
468	548
500	77
53	470
238	7
111	532
425	28
57	475
250	5
56	126
333	598
574	178
516	508
396	584
504	519
113	66
379	11
315	1
44	144
177	573
297	599
363	593
555	458
369	9
83	507
209	15
155	38
268	2
479	60
448	40
57	125
192	579
172	571
494	528
401	582
307	599
61	481
46	459
68	490
72	494
310	599
521	502
343	4
395	16
397	583
595	354
506	82
16	204
409	21
156	563
494	72
175	28
502	521
483	63
294	599
547	130
7	236
516	508
526	103
453	42
274	598
99	522
151	40
165	567
535	114
431	31
72	494
393	15
321	1
591	372
110	532
276	1
162	34
383	12
484	64
80	503
179	574
276	1
483	63
371	9
25	419
211	14
19	195
430	30
208	585
22	412
559	149
72	494
340	3
134	51
525	498
599	324
323	1
369	591
99	522
207	585
516	92
277	599
419	575
432	31
433	568
139	47
519	95
347	596
320	599
476	58
124	58
525	498
70	492
287	1
67	488
203	583
178	26
440	35
507	517
372	591
344	4
146	43
312	599
530	108
418	575
230	591
311	1
160	35
592	368
265	597
7	236
404	19
177	573
57	125
432	31
102	525
503	80
544	474
31	168
167	568
535	114
87	89
32	434
51	133
286	599
36	158
146	557
263	3
20	407
284	1
286	599
226	590
436	567
353	5
56	474
295	599
282	599
580	407
444	37
145	556
499	524
547	130
169	31
390	14
8	232
164	567
553	461
533	488
58	477
336	3
270	2
431	569
383	588
432	569
38	446
56	126
275	2
427	571
296	1
486	65
519	505
358	594
429	30
545	127
214	13
121	540
135	550
377	589
314	1
128	55
548	132
507	83
395	584
527	496
315	1
300	600
80	503
101	76
165	567
491	531
299	1
265	3
597	258
307	1
360	593
320	1
440	35
558	147
30	430
44	456
325	2
466	51
380	11
109	531
270	2
272	2
245	6
340	597
469	53
111	532
300	0
378	11
327	2
213	13
320	599
365	592
204	584
198	18
336	597
203	583
388	14
458	45
192	21
397	17
395	584
523	500
34	162
357	594
581	195
332	598
333	2
559	451
74	497
330	598
537	483
291	1
291	599
54	471
256	596
585	393
18	198
113	66
127	55
91	85
102	75
151	40
570	430
278	599
388	586
324	1
426	28
560	449
550	465
505	81
450	41
43	454
551	136
495	73
477	542
448	560
597	342
506	82
338	597
405	19
429	30
335	597
440	35
335	3
458	555
341	597
553	139
16	396
398	17
264	3
426	572
441	36
159	36
545	127
25	419
216	588
27	176
278	599
270	2
299	599
347	596
424	27
362	593
467	549
171	570
495	527
90	514
162	34
360	593
0	300
452	558
148	42
368	592
119	539
32	434
361	7
389	586
212	14
263	3
337	597
514	90
330	598
455	556
246	595
452	42
515	509
246	5
453	42
289	1
397	17
210	14
349	595
404	581
39	447
182	575
445	38
318	599
52	132
495	527
106	528
158	36
78	99
379	589
438	566
378	589
131	547
408	579
466	549
555	142
100	77
339	597
20	407
101	524
320	1
502	521
593	364
187	23
181	575
311	1
380	11
231	9
471	546
519	505
540	480
591	372
462	48
296	599
98	79
369	591
44	456
558	453
176	27
351	595
316	1
487	534
562	446
379	11
4	348
266	2
256	596
76	499
195	581
11	220
234	8
494	528
43	146
293	599
98	79
390	586
295	599
454	557
117	63
123	58
182	575
6	241
537	117
22	188
30	430
575	181
432	31
378	11
473	55
446	562
404	581
36	442
291	599
128	55
208	15
283	599
297	599
189	22
180	26
8	232
490	68
568	166
545	127
383	588
26	178
381	588
1	324
316	599
114	65
529	107
440	35
15	393
208	585
557	454
325	598
96	81
181	25
27	176
337	597
298	1
42	147
63	117
126	56
579	190
1	324
318	1
0	300
426	572
305	1
578	188
159	36
296	1
378	589
499	76
19	195
207	585
300	0
127	545
302	1
501	522
308	599
202	583
573	424
25	181
335	3
174	28
111	68
13	213
517	507
220	589
499	524
122	59
534	487
105	73
310	1
590	376
248	595
538	118
42	453
257	4
582	198
47	139
264	3
50	465
146	557
43	146
399	583
590	376
51	467
105	73
89	513
490	68
271	2
160	35
172	571
283	1
74	497
128	55
287	1
597	342
157	563
411	578
40	449
184	576
287	599
252	596
4	348
4	348
127	545
346	596
319	1
142	555
215	587
589	220
519	505
472	545
257	4
440	565
388	586
356	6
175	572
517	507
491	69
113	66
394	16
323	599
6	241
196	581
361	7
531	491
308	1
88	512
28	174
190	579
191	21
326	2
437	566
256	596
81	505
461	47
85	509
248	5
365	8
483	537
21	190
357	594
140	553
545	473
481	61
426	572
292	599
146	557
598	266
314	1
482	62
435	567
189	22
76	499
265	3
325	598
445	562
511	513
529	107
582	198
492	70
87	511
8	232
19	405
262	597
110	532
107	529
217	588
132	548
275	598
302	1
550	465
350	595
382	12
79	98
548	132
338	597
353	595
383	12
542	477
17	201
296	599
56	126
121	60
64	485
353	595
55	473
252	4
212	14
412	22
299	1
151	560
101	76
148	558
84	92
455	44
11	380
4	348
180	574
160	35
28	174
595	246
473	545
217	588
11	220
40	449
80	97
267	598
202	583
101	76
459	46
34	438
593	364
407	20
116	536
298	599
51	133
452	558
495	73
554	141
400	18
139	47
187	577
20	407
165	33
199	582
65	114
546	129
21	410
324	599
555	142
178	26
419	25
208	585
150	559
67	488
149	41
98	79
303	599
381	588
482	62
86	510
545	127
101	76
60	480
47	139
566	438
294	599
63	483
539	481
329	2
496	527
191	579
186	577
49	464
44	456
421	574
215	587
456	556
141	46
570	430
85	91
512	88
264	597
42	453
234	592
204	16
116	536
235	592
407	20
149	559
251	5
498	525
589	220
130	547
598	334
348	596
56	474
526	103
133	51
594	241
584	396
405	581
108	70
563	156
307	599
470	547
414	577
30	430
52	468
170	30
398	583
60	120
351	595
315	1
304	599
450	41
177	27
542	477
532	110
76	101
116	64
409	21
227	590
27	424
536	115
68	110
39	153
568	434
203	17
548	132
399	583
406	580
2	334
451	41
72	494
51	133
469	53
161	565
172	571
574	422
286	599
30	170
375	590
258	3
386	587
396	16
452	42
34	162
398	17
481	539
36	158
42	453
138	48
570	430
70	492
508	84
257	596
265	3
480	540
408	21
431	31
112	67
44	144
505	81
49	136
235	592
123	58
319	1
192	21
226	590
77	500
471	54
29	172
459	554
182	575
452	42
70	108
387	587
555	142
313	1
599	276
174	572
250	595
180	26
154	38
586	390
277	1
21	190
399	17
200	18
135	50
292	1
427	571
514	510
444	37
493	529
501	522
470	53
101	524
551	136
36	158
288	599
553	139
504	81
490	68
323	599
45	142
58	123
507	517
241	594
389	586
449	560
14	210
566	438
120	60
19	195
186	23
256	596
31	168
358	594
242	6
281	1
597	258
4	252
97	520
531	491
424	27
529	107
70	492
442	36
334	598
299	1
161	35
326	598
81	505
105	527
459	554
269	598
179	26
109	531
266	598
77	500
74	103
105	527
538	482
79	502
84	92
429	570
292	599
324	599
52	468
231	9
146	43
540	120
515	91
16	204
360	593
42	147
526	103
253	4
5	246
193	580
214	13
300	0
87	511
321	1
59	478
210	586
154	38
154	38
232	8
283	599
73	496
174	28
522	99
282	599
467	51
155	38
128	545
227	10
199	582
31	168
164	33
368	592
351	5
322	1
543	475
249	595
344	596
358	594
536	485
370	591
584	204
578	188
206	16
344	596
390	586
82	506
337	3
275	598
22	188
408	579
476	542
574	422
474	544
462	552
181	575
250	5
273	598
457	555
283	599
326	2
331	598
391	585
583	399
393	585
434	32
401	582
347	4
413	577
450	559
185	23
157	563
398	17
593	364
365	592
348	4
417	24
567	436
210	586
545	473
149	559
167	568
592	368
287	1
188	22
452	558
516	508
316	1
218	588
12	216
345	596
341	597
13	213
176	27
166	32
405	19
355	594
537	483
490	68
374	10
398	17
236	7
570	430
165	33
434	568
198	582
322	599
330	598
397	583
473	55
287	599
293	599
14	390
573	176
235	592
506	82
487	66
558	453
136	49
61	481
139	47
516	508
299	1
286	599
159	564
414	23
514	90
414	577
220	589
14	390
542	477
584	204
395	16
151	40
26	178
512	88
423	573
433	32
489	68
279	1
526	103
163	566
587	387
492	530
288	1
0	300
104	73
83	507
566	162
515	91
162	566
290	599
291	1
338	597
215	13
535	114
198	18
285	599
45	142
547	470
134	51
111	68
372	9
393	585
196	581
340	597
423	573
598	266
44	144
313	599
346	4
306	599
267	2
495	527
229	591
518	94
538	482
296	1
287	1
484	64
121	540
464	551
475	543
394	584
84	92
116	64
14	390
246	5
97	520
182	25
494	528
578	412
192	21
454	43
44	456
41	451
409	21
354	5
178	574
512	88
561	447
486	535
358	6
318	599
212	14
492	530
53	470
3	342
156	563
461	553
520	97
44	456
400	582
550	465
449	560
565	440
589	380
588	384
550	135
533	488
200	18
431	569
149	559
413	23
170	570
2	266
62	118
296	1
26	422
81	505
572	174
68	490
582	402
529	493
555	142
536	485
418	575
234	592
419	575
539	119
246	595
80	97
555	458
203	17
43	146
93	83
566	162
555	142
126	544
33	436
57	475
234	8
196	19
138	48
346	4
595	246
468	548
99	522
338	597
503	80
504	519
233	592
123	542
372	9
131	53
224	10
275	2
41	451
371	591
242	6
343	4
383	588
88	88
368	592
312	1
289	1
267	2
486	535
393	585
292	599
287	599
115	536
69	491
279	599
267	598
566	438
477	58
164	567
422	26
521	502
496	73
509	515
465	550
554	141
361	7
487	534
288	1
117	63
453	558
513	511
72	106
234	8
25	419
37	444
130	53
124	542
463	551
470	53
214	587
408	579
329	2
200	582
81	95
194	20
452	42
67	488
95	81
19	405
215	587
304	599
376	590
485	536
177	27
193	580
311	599
524	499
189	578
477	58
237	593
590	224
41	149
41	149
10	376
100	77
162	34
383	12
140	553
454	43
321	599
170	30
582	402
490	532
304	1
400	582
578	412
550	135
101	76
598	266
182	25
49	136
382	588
119	539
459	46
229	9
467	51
269	598
384	588
247	5
135	550
590	224
475	57
277	1
423	573
455	44
224	590
318	1
344	4
532	110
471	54
501	78
540	480
494	72
138	552
302	1
101	76
2	334
540	480
263	597
128	545
248	595
226	590
304	599
60	480
105	73
181	25
51	133
120	60
328	2
214	13
132	548
575	419
482	62
32	166
217	588
167	32
301	599
2	266
314	599
205	16
188	578
282	599
90	514
586	210
312	1
266	2
395	16
529	107
480	60
245	594
118	538
110	532
266	2
474	56
568	166
135	550
7	236
248	5
302	1
15	393
26	422
352	595
297	1
574	422
25	181
318	599
2	266
505	519
402	18
224	590
399	17
80	503
119	539
388	586
579	190
202	583
170	30
566	162
314	1
114	535
193	580
127	545
201	583
533	488
514	90
310	599
378	11
377	589
103	526
323	1
557	146
399	17
99	522
342	3
144	44
274	598
547	130
156	563
392	15
262	3
150	41
482	62
53	470
489	532
101	76
399	583
89	513
116	64
99	522
326	2
9	372
9	372
477	542
433	568
194	580
423	27
554	459
454	43
348	4
161	35
51	133
414	23
186	23
586	210
476	58
32	434
64	485
269	598
585	207
258	597
299	599
20	407
497	526
544	126
44	144
16	396
310	599
498	525
77	500
272	2
283	599
546	129
33	164
407	20
100	77
491	531
536	485
66	487
360	593
211	586
352	595
23	415
138	552
369	9
444	37
256	4
163	34
119	539
297	599
357	6
129	54
488	533
468	548
557	146
235	8
506	518
76	101
221	11
43	146
349	595
133	51
318	1
314	599
474	56
27	176
571	172
574	422
141	46
531	491
408	579
174	572
587	213
173	29
60	120
508	84
236	593
524	101
31	432
194	20
137	49
27	176
396	584
157	563
558	453
593	364
48	462
485	64
73	496
590	376
344	4
130	53
209	15
187	577
414	23
280	1
575	419
430	570
21	190
187	577
519	95
315	1
408	21
547	470
232	8
115	64
350	5
481	61
575	419
256	596
208	15
480	540
424	27
590	224
289	1
412	22
13	213
76	499
476	58
573	176
396	16
440	565
386	587
533	112
356	594
526	497
529	107
485	64
24	183
49	464
45	142
340	597
226	590
560	449
2	266
215	13
320	599
386	13
487	66
457	45
203	583
105	73
412	22
284	599
283	599
467	51
348	4
454	557
51	467
403	19
156	37
341	3
218	12
260	3
393	585
490	532
376	590
78	99
349	5
522	99
452	558
350	595
11	220
599	276
380	11
482	538
142	45
522	99
173	571
514	90
173	29
69	491
278	1
592	232
337	3
552	462
81	95
152	560
117	537
59	122
50	465
392	15
269	598
188	578
45	142
521	98
15	393
531	491
67	112
459	554
36	158
13	213
333	598
444	37
399	17
62	482
55	127
514	510
180	574
573	424
206	16
67	112
26	178
195	581
114	65
348	4
41	451
563	444
484	536
223	11
4	348
403	19
345	4
442	36
320	1
266	598
260	3
23	415
155	562
295	599
351	5
374	590
349	5
264	597
178	574
147	558
33	164
136	49
226	10
134	51
380	589
174	28
83	93
502	79
53	130
197	581
550	135
581	405
155	562
22	412
171	570
94	82
138	48
191	21
127	55
353	5
237	593
143	45
319	599
422	574
13	213
575	419
403	19
85	509
0	300
170	570
268	2
156	37
554	459
181	575
309	1
432	569
287	1
255	4
188	578
594	359
422	26
561	153
330	2
347	596
551	136
47	461
359	594
503	520
413	23
445	562
14	390
198	18
157	37
323	599
47	461
158	36
261	3
465	550
535	486
402	582
93	517
298	1
561	447
581	195
16	204
157	37
96	519
391	15
500	523
7	364
554	141
366	592
469	53
105	73
502	521
238	593
485	536
144	556
230	591
289	599
231	9
31	168
117	63
567	436
55	127
534	113
554	141
543	125
443	563
470	53
459	46
515	91
492	70
178	26
298	599
184	24
125	543
392	585
275	2
435	567
18	402
557	146
211	586
548	132
98	521
492	70
122	541
190	579
478	541
399	17
433	32
4	348
167	32
60	480
221	11
126	56
98	521
328	598
105	527
321	1
551	136
287	1
583	201
18	198
405	581
546	471
56	474
443	37
384	588
62	482
422	26
548	468
451	559
139	553
433	32
531	491
454	43
466	549
230	591
283	599
440	565
390	586
97	520
425	572
229	591
539	119
492	530
25	419
104	73
234	592
365	8
589	220
338	3
530	492
308	599
454	557
265	597
312	1
153	39
128	55
537	117
176	27
10	376
82	94
286	599
504	519
370	9
339	597
343	596
299	599
227	590
382	588
76	101
4	348
189	578
126	56
321	1
510	86
492	530
186	23
168	569
339	597
37	156
562	446
114	65
97	80
200	18
167	568
87	511
189	578
135	50
118	538
544	474
532	110
173	571
253	4
307	599
197	19
264	3
28	426
503	80
584	396
223	589
157	37
291	599
177	27
69	109
524	499
203	17
309	599
35	440
328	598
195	19
170	30
441	36
87	511
593	364
115	536
301	1
541	122
78	501
330	2
313	1
117	537
53	470
588	216
385	13
486	65
154	38
48	138
10	376
215	13
29	428
215	587
348	4
250	5
60	480
373	10
217	588
28	426
235	592
38	154
139	47
339	597
455	44
145	44
321	1
430	570
406	20
176	573
594	241
400	582
24	183
70	108
223	11
93	83
249	5
23	185
357	594
67	488
68	110
186	23
144	44
410	579
568	166
266	2
65	486
28	174
559	149
512	88
553	461
205	16
26	178
498	525
523	500
531	491
341	597
527	104
397	583
502	79
529	107
168	31
518	506
233	592
524	101
8	368
425	28
415	577
2	334
197	581
137	551
278	599
63	483
596	348
130	53
223	589
138	552
279	1
406	20
411	22
268	598
322	1
261	597
503	520
238	593
242	6
107	529
72	106
446	38
52	468
461	553
391	15
74	497
532	110
427	29
78	99
338	3
66	487
456	44
425	28
586	210
342	597
181	25
222	589
53	130
453	42
225	10
412	578
179	26
128	55
75	102
111	68
475	57
284	599
317	599
146	557
113	66
172	29
195	19
275	2
145	44
569	432
233	592
498	525
81	505
562	446
321	599
161	35
410	579
291	1
242	594
389	586
407	20
330	2
425	28
371	591
253	596
556	456
187	23
27	176
1	324
228	591
440	35
432	569
348	4
516	92
138	552
582	198
258	597
74	497
163	34
554	141
597	258
228	591
546	471
397	583
190	579
291	599
174	28
401	18
541	478
43	146
280	1
305	599
147	42
1	324
389	14
437	566
423	27
299	599
266	2
219	12
213	587
75	102
574	178
383	588
568	434
244	6
242	594
499	524
488	67
243	594
299	1
591	228
212	586
246	595
527	496
202	17
314	599
24	183
403	19
190	579
129	546
323	1
83	507
23	415
213	587
555	458
474	544
28	426
595	246
521	98
540	120
420	574
56	126
334	598
163	34
450	41
125	57
107	529
319	599
105	73
397	583
31	168
420	26
208	15
365	8
384	588
447	39
343	4
523	500
488	533
113	534
560	449
176	573
585	207
162	34
174	572
509	515
1	276
230	591
192	21
553	461
95	81
531	109
326	598
584	204
243	6
25	419
291	599
381	588
1	276
120	60
561	447
369	9
358	6
340	597
367	592
193	20
25	181
388	586
318	599
3	342
291	1
342	597
391	15
40	151
439	565
77	500
126	56
508	84
474	544
187	577
466	549
465	550
115	536
62	482
346	4
239	7
339	3
454	557
280	1
487	66
470	547
245	6
385	13
418	25
32	434
365	8
467	51
230	591
473	55
365	8
238	7
465	550
305	599
132	548
555	142
35	440
587	213
76	499
583	399
352	5
14	210
296	599
280	1
459	554
102	75
245	594
158	36
356	6
183	576
92	84
475	543
562	154
410	579
110	68
323	1
433	568
238	7
382	588
364	593
589	380
272	2
514	90
599	324
269	598
490	68
402	582
301	599
344	596
503	520
271	2
410	579
298	1
556	144
485	64
284	1
520	503
425	572
176	573
396	16
103	74
406	580
370	591
187	577
152	40
46	459
315	1
318	1
599	324
222	11
527	496
395	584
471	54
470	53
340	3
161	35
63	483
358	6
336	597
515	509
191	579
146	557
14	390
109	69
195	581
383	588
26	422
77	100
134	51
371	591
392	585
322	599
576	183
160	35
40	151
472	55
129	546
256	4
436	567
2	266
507	83
514	510
352	595
526	103
402	582
507	83
233	8
444	563
39	153
526	103
238	593
535	114
104	73
252	596
434	32
481	539
298	599
236	593
415	577
411	22
127	545
43	146
379	589
290	1
551	136
396	584
294	1
386	587
59	478
578	188
58	123
47	461
188	578
544	126
121	60
247	595
544	474
16	396
194	20
81	95
37	444
392	15
140	47
447	561
428	29
341	597
489	68
71	493
223	589
252	4
364	7
150	41
514	510
19	195
267	598
91	515
405	19
85	509
381	12
42	453
247	5
403	581
443	563
37	156
276	1
426	28
195	19
44	144
144	556
427	571
16	204
582	402
434	568
326	2
187	577
557	146
433	568
174	28
493	529
534	113
289	1
543	125
305	599
238	593
383	588
106	528
518	94
37	444
504	81
264	597
187	23
78	99
126	56
506	518
409	21
285	599
106	528
199	18
204	16
231	591
466	51
454	557
290	1
269	598
164	567
15	207
121	60
120	60
153	561
85	509
181	575
438	566
403	19
62	482
207	585
483	537
310	599
585	393
30	430
545	473
586	210
150	559
482	62
264	3
262	3
473	55
547	130
21	410
534	487
399	583
166	32
31	168
470	547
559	149
16	204
421	574
541	122
474	56
384	12
89	87
163	566
259	3
504	81
287	599
162	34
152	560
509	85
414	577
55	127
438	34
162	566
389	14
434	568
496	527
232	592
239	593
289	1
399	17
185	577
511	513
585	207
467	549
224	10
532	110
477	58
272	2
330	2
165	33
452	558
33	436
79	502
14	390
590	224
353	595
41	451
449	40
319	1
236	7
154	38
229	9
227	590
258	3
258	597
354	5
527	104
180	26
63	483
274	598
422	574
293	1
483	537
2	334
337	3
441	36
489	68
166	568
357	6
288	1
136	49
15	207
497	74
156	563
150	41
120	60
20	193
534	113
597	342
564	158
379	11
556	456
456	556
426	572
440	565
326	2
446	562
569	168
187	577
348	4
598	266
3	258
477	542
297	599
17	201
405	19
192	21
3	342
115	536
565	160
376	590
143	45
10	376
387	587
516	92
401	582
573	176
288	1
244	594
330	598
445	562
129	546
204	584
119	61
510	514
132	548
104	73
169	31
191	21
233	592
222	11
511	87
301	599
57	125
54	129
124	542
556	144
546	129
292	1
31	432
309	599
26	422
220	589
102	75
512	88
239	593
549	133
537	117
4	252
84	92
63	117
197	581
313	599
150	559
260	3
422	574
117	63
51	133
106	528
275	2
419	25
73	104
518	506
381	588
532	490
517	507
586	390
447	39
314	599
201	583
359	594
127	55
168	569
243	6
347	596
555	458
163	566
244	6
300	600
453	558
491	69
142	555
483	63
191	21
290	1
245	594
250	5
367	8
587	213
231	591
29	428
379	11
140	553
203	583
180	574
182	575
380	11
325	598
543	125
313	1
53	130
368	592
384	588
202	17
386	587
490	68
404	581
528	106
529	493
587	387
354	595
563	156
306	599
461	553
41	149
512	512
135	550
13	213
462	48
19	405
185	577
576	417
307	1
92	516
400	582
246	595
201	17
10	376
171	570
259	597
454	557
554	141
211	14
496	527
351	595
264	597
509	85
141	554
87	511
459	554
572	174
210	14
469	53
493	71
386	587
593	236
114	65
249	595
103	74
326	598
48	462
539	119
56	126
590	376
419	25
419	575
233	8
267	598
107	71
425	572
43	454
325	2
152	40
74	497
334	2
522	501
196	581
137	551
207	585
62	482
348	4
326	598
315	599
547	130
231	591
546	129
522	501
546	471
85	509
0	300
156	37
160	35
344	4
414	23
295	599
314	1
270	598
265	597
230	591
432	569
172	571
84	508
378	11
549	467
196	581
449	560
269	598
276	599
304	599
477	542
514	510
364	7
476	58
304	1
414	23
181	25
415	577
482	538
185	23
25	419
162	34
487	534
437	566
523	500
262	597
227	590
197	581
346	4
50	465
79	502
423	573
110	68
427	571
457	45
242	6
554	141
210	14
175	572
184	576
88	512
193	20
556	144
477	542
23	415
221	589
121	540
397	583
512	88
357	594
149	559
401	582
212	14
528	494
117	63
58	477
55	127
451	559
452	558
12	216
560	449
161	35
571	172
372	9
254	4
48	462
330	2
106	528
316	1
170	570
148	558
328	2
573	176
288	599
263	3
512	88
256	596
409	579
81	505
312	1
284	599
449	40
484	64
89	513
253	4
138	48
450	559
220	11
229	591
102	75
456	556
307	1
235	592
129	54
399	583
534	113
127	545
3	342
158	36
146	43
523	100
76	101
137	551
371	9
19	195
38	154
357	6
331	598
357	6
438	34
448	560
96	81
289	599
283	1
429	30
57	125
282	1
485	536
54	129
353	595
131	53
190	21
360	7
546	471
363	7
220	11
498	75
163	566
361	7
252	4
237	593
499	524
359	6
8	232
132	548
154	562
82	94
250	5
589	220
526	103
512	88
270	598
103	526
91	515
304	599
371	9
98	521
578	412
549	467
26	422
537	483
467	51
187	23
253	4
570	170
290	599
48	462
73	496
452	558
61	119
420	26
524	101
375	10
83	507
376	590
575	419
559	451
342	597
162	34
84	92
345	4
425	28
103	526
296	1
340	597
139	553
575	181
114	65
225	590
50	135
525	498
178	26
475	543
176	27
12	216
458	555
319	599
241	6
538	482
384	12
541	478
10	224
8	368
545	127
100	523
283	599
63	483
247	595
489	68
302	1
172	571
124	542
80	97
389	586
100	523
460	47
1	324
375	10
136	551
46	459
500	77
203	583
146	557
155	562
133	51
418	575
158	564
5	354
416	24
169	31
249	5
129	54
189	578
332	2
229	591
581	405
452	42
596	348
394	584
122	541
322	1
529	107
526	497
538	118
338	3
49	136
134	51
346	4
461	553
247	5
58	123
233	8
146	557
339	597
92	516
7	364
301	599
152	560
561	447
14	210
364	593
232	592
526	497
364	593
292	599
306	599
411	578
247	595
312	599
333	2
315	1
295	1
594	359
105	73
250	5
270	598
512	512
532	490
69	109
275	2
415	577
339	3
205	584
434	32
483	63
500	523
59	122
325	2
453	42
154	38
285	1
118	538
586	390
280	1
487	66
217	12
579	410
500	523
187	577
383	12
271	598
445	562
417	576
493	71
465	50
246	5
286	599
489	532
40	151
416	576
505	519
469	547
305	1
51	467
593	364
433	32
15	207
45	458
64	115
341	3
52	468
40	151
410	579
11	380
220	11
48	138
214	13
473	55
376	10
314	599
259	597
221	11
440	35
110	68
260	597
270	2
512	88
382	12
228	591
145	44
243	594
92	84
466	549
178	574
27	176
263	597
78	99
318	1
190	21
182	575
89	87
279	1
481	61
186	577
1	324
215	13
361	593
432	569
466	549
339	3
141	46
93	83
437	566
593	236
589	380
215	13
508	516
514	90
85	509
442	564
107	529
592	232
90	514
376	590
481	61